-0.594865443733569,-0.343140627448094,-0.39014220229064,1.53181277952848,0.411818570820341,0.0590488672660712,-0.347067625606875,-0.488167174629659
-0.413763631644354,-0.395118169821216,-1.77351606446776,0.769549495883208,1.24096824296519,-1.58857845033934,1.44292070718197,1.2551473187242
0.392173006194471,-0.514762288175267,-1.33969849120182,-0.338004808509509,-1.73835556430452,-1.03869490889531,-0.396011802254376,-1.76862267208637
-1.23231590895469,-0.0787968293017685,-0.395393013579546,1.60635302033055,-3.41705544828263,-1.14341774373559,-0.993911871625039,-2.38611323090518
1.79518168135327,-1.12811743118811,-0.412551329900514,-1.01784938574644,0.129489317996402,-0.133470528013645,-0.214908549160972,-0.275776741751786
1.29929249289619,-0.881972915608953,0.180288194999423,-0.145185069965472,-0.902496548519552,0.422291859715657,0.0703340793001331,-0.484271387640368
-1.43568804001777,0.985287266482371,0.456214945724805,-1.09212052048257,2.34969531255391,-0.0208779129347172,0.290937282755812,2.26279758495538
-0.717455420210813,-0.0191365125602431,0.914817483709627,1.53539777868248,-0.798810653858305,0.894673974309558,-1.13482311326984,-0.842723045337321
-0.483607322228953,0.786779043995307,0.773361638168553,-0.023414695791034,-0.108820443982341,0.519063245707743,0.379802771844722,-0.960011519780036
-0.253738830442453,1.14335681366941,-0.472793298152843,-1.94402713071373,1.5079756859463,0.0926142242138829,1.00061573703654,0.734934444537507
0.019217003716065,-1.20835256663292,-0.262519120245733,0.132497390314689,-3.59400740030386,0.199149046024097,-2.45285110293775,-1.24692687586076
-0.044764150855956,0.859236176443518,-0.117743686492265,-0.944700420480503,1.43509530858289,-1.25499864891214,2.78863803871764,0.707207592151155
-0.199669538841413,-0.0886759010437415,0.778796244335365,0.759512592527049,-0.812050826953676,0.62487524604461,-1.25982163032013,-0.73426014764674
1.64497309031714,-0.469598202112636,0.0889332800509914,0.641289748936003,0.432427728460237,-1.13106961359846,0.869482248896075,1.31684982324031
0.605048373899542,-0.795734110264298,0.450318594088926,-0.957436914468568,1.03367279187552,-0.747136020099988,0.668333229121285,0.848327119877813
1.02764600160945,1.42306441379396,-1.21296006260069,2.16762340691311,0.0383246953775198,0.264754595560032,0.0994747272201056,0.54254546256407
0.71087341021032,-2.26740811771837,0.261753862191242,-0.412540189762195,-3.20003349747291,0.0718273156948725,-2.21525366433934,-1.89365225711247
3.37878470504389,0.00426674168228979,-0.728493743298319,-0.709783145544909,1.79053759969352,-0.340546749881723,1.08430442479168,2.00434811594134
-0.726497400769802,1.60163006261625,1.00780281571586,-0.999644879342572,1.07881353145425,1.92441179548293,-1.05476187550543,-0.636287873959864
-0.175438436936,-2.31604243314352,-0.657653803466513,2.04615488495294,-3.34103379154792,0.439887388592934,-2.77549641439293,-2.05440781073157
-0.940190602189844,-1.46923253676324,0.41749443584881,0.147388353125968,-0.751055995509694,-0.118803889169893,0.462844955143498,-1.46966956168253
-1.2850005216529,-1.69939592126735,-0.933439586164191,-1.13416887105352,2.45645602356493,-0.24568066565429,1.9392993354048,2.47706373040536
-0.907516321425404,-0.82170240533443,-0.350112915678526,1.9122038218178,-2.81240128626973,1.69113459713126,-3.12634317155077,-2.31650443034249
0.17025718070898,-0.558276969347262,1.23081555539028,-1.39447869507852,2.15007515888422,0.983249890997003,1.36419468932259,1.27485352459428
-1.5633041741407,-0.2338144233849,0.582708566522217,-0.530463998927863,-0.28486684081988,-0.129070889511071,-0.489103203225197,-0.504333323312781
-0.665244770238666,1.94241955780704,-0.964333725073497,-1.21381041107872,1.65258813488262,-0.933829257782013,1.78166288367032,0.647063995484728
-0.61368187474948,-0.948910642609423,-0.61148448472015,-0.676895208936572,-0.255908658122883,-0.952669547242595,-0.218716796609565,0.874369814603403
0.209798742253876,-1.48248659756034,-0.666882947527326,1.02774054346801,-3.60951386850208,-0.503822493984685,-3.4018818146505,-3.0261927650646
-0.0946803596070577,-2.22574733592563,0.629836624326917,0.270565286126211,-2.79062171727921,-0.790241060558742,-1.36660875305776,-1.08932644449851
0.146921688003119,0.547056321392324,0.294298516150538,-1.08658580333689,0.352317561656283,0.154681543686482,0.659204533165186,0.909240847145422
-0.91526166513905,0.559769977681987,0.195832726118425,-1.05220999350887,1.23819778614122,0.432663571841058,-0.408559282981823,1.26174696812118
0.0938683408490581,-1.35122493691161,0.585992947470404,0.325426811655619,-1.22392188133945,-1.24557364696092,-0.142196778868529,0.0800840271990668
-0.593344052156966,0.252713554967681,0.579102851801981,-1.97795437102475,1.77854292499058,0.619827078899357,0.680905275787716,1.69657143184485
0.0728306746104163,1.78268101696411,1.57829982333603,-0.0429759709828562,2.04115109997152,0.601040954933049,0.117592000509472,1.73283869120713
0.438823172986216,-0.616351149590768,-0.984833253027625,1.10269210021649,-1.94259182805607,-0.958997690707154,-0.420306816606052,-1.88756241518935
-0.339705316875457,-1.29804778084072,0.162615690700478,-0.4188888542608,0.6821041697173,0.354617246681178,-0.0595974075655933,0.247604637073715
0.74036910513818,-0.183650573078362,0.388751858859171,0.406201606165263,-0.465564407889548,0.612930940678034,-1.22763919412441,-1.34550184770997
0.470135683591672,-1.39695203277538,-1.20414249825434,0.839785682285114,-3.46748396161827,-1.81512762540959,0.375759397698891,-2.84576643335319
0.697033120985935,0.720463415622908,-0.529848193958343,0.204088486614412,0.106742713279877,-0.979339387832448,0.515101998657082,0.296927432385397
0.924431802468561,2.09259871933802,-0.871798472215252,-2.66549163576486,1.85363638886304,-1.05635290285701,2.18693565631575,1.28890145533895
1.14300616859213,0.675749126590331,1.2533955685127,-2.63817528758693,0.612951872356547,-0.336878034859872,1.35873503961572,0.379040975932221
-2.39541401764157,-0.567493361723532,0.0834998247440413,-0.802063749108086,0.295229643967162,0.237032909417006,1.08392605839591,0.634011099707001
-0.205369244619164,-0.506383898723101,0.353257372963367,-0.405011917841225,0.793624255319248,0.11242585985103,0.228349697723027,0.890831052280423
0.767204807272484,-0.156779373384268,-0.705743238396977,0.552779091404762,-0.0173716968083902,-1.02970053794835,1.30361616240036,0.296168253126404
-1.27921780936419,-1.7835881235051,-0.0588266190852442,-0.262008625099351,0.282115296736583,0.112627903088176,-1.11539654983721,-0.0412975939485566
0.181138747526141,-1.46530032618395,1.14210426678201,-1.75621659278282,0.805943142865345,-0.303468954160053,0.655233154228598,1.71653696495333
0.469012849939504,0.47295622982597,0.21527026011284,-0.240017591156462,0.468516195161145,-0.190908165470362,-0.0516390006852848,0.46911901093638
-1.43997432864059,0.240378530622307,-0.016249206124219,2.44416125308136,-2.68306853520167,1.08690300265901,-3.06020515751994,-1.64744006906436
0.457126494617658,0.560813910516799,0.0328992756712511,0.0363163336183062,0.0170104724054079,-0.817078752509993,0.235195740672586,-0.583060918234827
-0.903157484619814,0.832281554876744,-0.403833503032904,-0.583792253987741,-0.584538263503962,0.722471521640629,-0.94555872820769,-0.0743536372633236
0.316561877789462,-1.7884034248135,-0.0676058087911011,0.0494010659951916,-0.06584101866468,0.0843055240589628,0.603550907410762,0.755901222247448
0.160588462272364,-0.681520693662942,0.809232282469482,-0.041826164218704,-1.02257689065442,0.0301600366377222,-1.35086233170725,0.485904742182216
-0.496133838981839,-0.600890188695804,0.75731433650048,-1.11160388932929,1.10724163777921,0.939416003900451,0.279126226895643,0.831998797696978
-1.14146503672856,0.515293160697812,-1.30559735905424,2.6796218759104,-1.3717685872697,-0.170015259104024,-1.73783188129076,-1.56155661120724
-2.27528781630991,1.04673546619551,0.0703352910173135,-0.805234194679431,2.17406414021798,-0.419857105301782,0.934300157062985,1.18548106807988
-1.88460364641421,-0.300340964916551,0.143727858308507,1.33529949149559,-1.76950620234613,0.47783795654023,-1.74189871622547,-0.66448837784599
0.230557911046364,0.76453477826686,0.0245248436252708,-1.68642163111265,2.42630127852166,0.439390762587002,1.50769130935325,1.90929686333868
0.344126462385439,0.959607020712846,0.156663138229862,-0.679883727967467,3.15346101285586,0.0160829251680673,1.78790009262535,1.41866711629809
-1.09060636101412,0.619108710428928,-1.34234296766706,2.2542056876425,-0.411212015481222,-1.61029893676142,2.52476162529608,0.323421250933597
0.880613605314123,-1.20182935550377,-0.678480408639258,-0.55733429749641,0.291396433517557,-0.847218247822628,0.858346081672213,-1.66353765743178
0.158280669288449,-0.120275180347333,-0.122409963183658,1.16738955398533,-0.103724558441688,0.834403389688773,-1.33305986429499,1.17142500551842
0.206056433821402,-1.20074336406317,0.647119076980907,-2.2315775956922,-0.480826598553904,1.53009517529696,-2.79750005644356,-0.82940045200307
-0.422083735391864,0.0361209347394681,0.172259999480239,-1.46831322587789,1.53024306702268,-0.463496700777644,0.497323365504311,2.11702389505832
-0.279822511281492,2.19436363185545,0.194213564691373,-2.0832469572782,2.92049259689266,0.484546806550261,1.2688066217758,0.820660632739278
0.198486166417694,0.854751388220291,0.400038015005655,-0.341510299228338,0.690713395107626,-0.0524711144538723,0.32338204189498,-0.160670093121506
-0.421125289786864,1.07224296815102,-1.24613628141065,0.0188065352738979,-0.667094046307702,-0.819557043254725,0.312561515872873,-0.848188433709303
0.491816441099148,-0.5167946677914,-0.894770790812208,0.923052540566834,0.816188540388069,-0.68253293281129,0.480905424907642,0.603631966558152
-0.0904059506770725,2.04792935953587,-0.50399894216237,0.0815397616759955,0.887322967948142,-0.643806484840831,1.35372889432273,1.61420449893348
0.116463044273858,-0.338493378438614,-0.681615209334614,-0.868971860389282,1.82412219232404,-0.997239644039911,1.1949021747865,0.261641780931585
0.985103035006227,-2.02163738678209,0.0731331154595053,0.374456126812443,-0.463379871610357,0.654544327228728,0.338611324691881,-1.51995485847244
-0.645350919992663,1.12568971558499,0.203276640839647,1.4646632212029,1.19267005660031,0.898843272683536,-0.512738326766777,1.39627879137295
0.944114436576497,-0.31532734625487,-0.601670056075983,-0.336388883161234,0.558574749836415,-1.03909806664117,1.28159095479795,0.428285328372532
0.352719505516179,0.00858293628158791,0.236165740314894,0.819391029597973,1.27789784922068,0.67382551600778,-1.32466841116356,0.0345711540772483
-0.424908088073292,0.716617320536081,0.0546788475874282,-0.873148504425983,0.558817089284593,-1.2548348660705,0.896644516363699,0.703201947130652
-1.11289169860071,-0.119485518708768,0.449054269370363,-0.696343574384003,0.626418196348821,0.583135767770034,-0.861194864692066,1.15764608448652
0.388975554992066,1.47086053007527,0.853087328524424,-1.0801765674647,1.59909345996857,1.0666929679919,-0.624412320890838,0.426269814364062
-0.771856244525053,1.12640733573915,0.351945376041296,-1.77415721714956,-0.0914101202272066,0.0132936365189867,-0.420290243207126,-0.20635680943795
1.06818608530675,0.754319747748248,-0.718389127966969,1.76970725848227,-2.35629397506923,-0.563247395854842,-0.45102056276667,-1.32401407267742
0.367707386221289,0.839797777436546,0.504983306892183,1.69789878395568,-1.24898906700871,0.190548489494885,-1.64996009440491,-0.403069108729328
2.16920273775524,0.218031269219554,0.389396684979329,1.3221848945316,-1.620030878138,0.845284003279124,-2.02051933755895,-1.87331396224545
-0.429555459262009,-2.21517617061815,-1.17184660119251,3.74233936163915,-4.7976786419155,-1.34677940554924,-1.36075186686261,-2.21675998906224
0.273851510432062,0.0941204451884754,0.102301116438631,0.145612889304916,-0.196847806861301,0.624522882598292,-0.547814777076173,1.17566890346417
-0.787321192263085,-2.63665225540534,0.0342068721782172,0.618795807076423,-3.67768566912121,-0.264783397307348,-3.41505885365685,-1.97723611375101
-0.850733848108716,1.41487537357349,-0.566836645722891,0.89768497826936,0.695379464588157,0.621651542791343,-1.0212307690088,0.0202859328641133
0.748193490367806,-0.212061021879144,-1.09106131563014,-1.29343514848365,2.09088491145851,0.140005944993886,1.89158667652865,3.04719849827399
-1.3121351861133,2.49541660636459,0.982308494011965,-1.45705659260542,1.82033830887591,0.595734704009613,1.03847609614556,1.65464083757167
1.34723906330346,-1.01070206332522,-0.522141171265665,0.898505502833901,-1.8964767468355,0.885325272627195,-1.99934786671333,-2.39460961426739
1.53441804092551,0.940138226423196,-0.888739462855902,-0.418644115883735,0.143984661738771,-0.849369475118943,0.457211331257911,0.107779323845619
0.536887671889132,0.576495083910021,0.62110513545785,0.650916708159275,0.826045797913307,0.939034744427103,-0.37399358494707,1.09061340265972
-0.271593446320181,-1.51333264710849,-0.642490945248469,-0.608285010685272,1.35500638847689,-1.09513604329919,1.72367043772211,0.775228284220886
-0.94377045886996,0.137753753618174,-0.0240948499436147,-2.98205299176829,3.1531605011644,-0.230082256575088,2.71168577988233,1.40080630469485
-0.719236602985199,-0.751083476878942,0.202418996656983,0.888318689296058,-0.603364743819402,-0.710786760930377,0.555656674935649,-1.0161604583203
-1.44320305244692,0.125366092304244,-0.522529766409531,2.97903943077362,-1.67238899522436,-0.502333542431136,-0.887029465395395,-1.12154340870803
-0.599031818765167,0.152041396096216,0.612050917327567,1.62921926163008,-1.57766826302007,1.8139239116253,-2.06958696519504,0.243706089785538
-0.477413355756875,-0.620419899811587,0.715163361669519,-0.698005696505474,-0.99234582716676,-0.971670243355067,0.995803510463525,-0.265262324032594
1.73313493966913,0.951806770471711,0.571611000812898,-1.97290238934864,2.37809736370431,-0.623615095231371,2.32283461877676,1.72989020894522
2.56073520969339,-2.52260365970077,0.229063972902619,-0.0240432645721195,-1.17127458502955,0.79779002816084,-1.94283344002351,-0.755762435991732
1.92711871732457,-1.10901725931425,0.920752070677474,-1.22516904276297,1.35077759512771,1.58999298897853,-0.0845304111902021,1.59672171991199
0.0973956060032959,0.513521669697016,0.442637986684719,-0.692989667583799,0.898056741574061,0.483150039217595,0.875461017518902,0.340965327740778
-0.479649253466576,1.58213334641006,-0.788349795562946,0.632363028862545,1.20076801137397,-1.50052633931002,3.2513782169263,0.845233612469958
0.494546678285816,2.13417015727438,-0.317942390501798,-0.490318589580219,1.13844294584374,-1.05092851164651,1.43750326767384,0.844546132603231
-0.101583315206795,0.733720196329384,0.500506099709763,0.958926855429621,-0.401192835626769,0.00356100024277053,-0.278293158230402,0.649316464679475
2.3413127859556,0.504546545587019,1.2471722112362,-0.134614358820819,0.144589563993562,1.01034323854567,-0.697334766304152,-0.406072256589141
0.964113771504942,0.265492265695575,0.983875954654598,-1.24337215973558,1.94965184679698,1.8170237913536,0.582644868967151,0.928845275242995
-1.49687385616611,0.144568391037277,-0.9647824586486,-0.382243833103761,-0.105439538006119,-1.26579262336508,-0.582726621306159,0.907447193734445
-1.63352121524045,0.738052524057616,-0.861896522547735,1.28062555232133,0.644659569738246,-2.37677770043176,1.65838892478399,-0.636787749379329
-1.37030381732538,-0.792342910574633,0.174750971243596,-0.100902390196804,0.839063100920037,0.914713523977146,-0.434536936651686,0.247959225870516
2.15736359781394,-2.18570631295299,0.0870789703135441,-0.0194083118810586,-0.850704296499582,0.494947606201721,-1.45169494590303,0.730864139254301
0.705300529284658,1.6554541482179,0.966592729257181,0.806873183483329,0.105299814828058,-0.955367013904371,0.296913228656645,1.38759047762567
-1.58820344611185,0.754012049823215,-1.52244873344999,-0.605302852658334,1.16372042760983,-1.49550463750534,2.55533229046674,0.305225635828494
0.33119061080627,0.438440297176876,0.585609671973436,0.119423402991144,1.44909882330679,-0.792382755418791,1.20909379962481,0.0867137990570743
0.512998116602048,0.389577412107412,0.237727434878491,-0.879225947880949,1.66955412535301,0.916766041424614,1.20306565707804,0.253958460990735
-1.30158294817013,0.144452477001712,-0.204773059493071,-2.06262323431489,2.97312313542696,-0.0072681169530398,1.52944611883644,1.60216506329136
-0.0460375731645587,0.361543666402316,0.0833608276568956,1.56140462640789,-2.13462335931729,0.99196080399174,-1.36014804102305,-0.771650651952546
0.263221375646008,-0.139509144034113,-0.0431253468691792,-1.88980271632662,0.495344349968972,0.693516052962483,-0.152702489276193,0.528222438965812
0.125413832717718,-0.239515610822628,0.0889000522468392,0.549284535073302,-0.626761420443298,0.657329495677091,-0.831777985995037,-1.16799976091727
0.036726580672989,-0.606570611701463,0.439515256082971,-0.5929721299761,-0.522820531177441,0.422050664571166,0.628680668155262,-0.243763470369694
-1.21996555405899,1.46240854783401,-1.46369936120888,2.20136304492206,-1.67682905823668,-0.486936844274664,0.255535768361121,0.0170971375970056
0.160015220950207,0.668735406286814,-0.203875817269048,-0.0434152567461761,1.98014318122538,0.0895322275193893,1.30722402048124,1.25823858655616
-1.40644200913435,0.42642472940801,-0.173757130584265,3.4533892219972,-0.814205534115611,0.206707522556472,-0.971405477826421,-0.17263431579618
0.812830286605783,0.637958740075815,0.810579509945704,-1.1669128246282,0.571547466053159,1.37190417698694,-0.203588285712692,0.0803240783392126
1.22140197789809,0.641742668476475,0.86807414435068,-0.382509317979086,-0.813150278883133,0.0923245986714674,-1.27987533166019,0.742808458788942
0.286935235943076,0.586394587006983,0.700694476283253,-0.0379014275208718,0.269887705295068,-0.122619553524905,0.0432266871907908,0.368197304356453
-0.386139828179827,0.696586317670255,-0.201056645116195,0.105108445430379,0.669204108800015,-0.148555780507448,0.195440959047279,0.929721810942735
-1.56539404368406,0.255982236794497,0.648244544669162,-1.08250314010155,1.49184143287789,-0.0405046540422684,0.306384688344749,0.706266189951732
1.78772518925388,-0.503580264920734,0.711330569930119,-0.328092206099169,0.334784768676361,0.65743505983508,-0.231522080492666,0.594700725381421
2.11669533596049,3.44965658537625,1.57210729581907,-3.77835450520885,4.09794518994938,1.553476075118,0.350466855876245,2.39061120418168
-1.3055248427122,-0.658209266367804,0.101957745125146,-0.647083861933174,-1.38062676503387,0.122269622419695,-1.62044781601278,-1.51272602384105
-0.11739700996748,0.0987512178639238,0.0336966066076915,-0.161628631855105,0.792362024694754,1.604421277257,-0.628804531334123,0.659524593125751
-1.65485704305897,4.02403389986552,-0.3456332229449,0.732572479386894,3.2162944118683,0.869596175891835,1.89503557189975,1.19898535384898
0.904392507564298,-0.0324725485707548,0.730489724661272,-0.854650864089029,-0.494166370417428,0.635038373887856,-0.369817058367229,-0.531974629307982
-0.558326748906469,-0.266616210093297,0.0912517200389317,0.029461846099059,-1.63516592637066,-0.268887843407824,-0.360651076864151,-2.28218203695378
-2.77590148549325,1.28908078586263,0.780057642699011,-0.134457355894065,1.75739538832753,-0.265156325868387,1.39359621658951,0.616949392565871
-0.372628034639538,0.554318193493493,0.0195856156481879,-0.313453610918883,-1.41461958900904,0.00881850865998227,-0.76341065305993,-0.342082064300676
-0.0345988447074741,-0.655244454377198,0.435897459239698,-1.04352535321728,-1.99587971432808,0.691828882918804,-2.55045235878854,-1.3911357829086
0.058575593014384,-0.0839766903671071,-0.228616106849217,1.70027150533575,-1.34339223759019,-0.0878083765962132,-0.316698202411132,-0.125300152424829
0.637232392776252,1.33492140108703,-0.147844313326833,1.50263536660628,-2.5119241183777,-0.503194441343518,-1.01141922805719,-2.45673452223719
1.04703390443996,0.14463852316799,0.612399479591436,0.123566511436183,-1.78617136878827,0.428262065272519,-1.48616603413266,-1.70660430834361
-0.826515155694221,-1.996986511026,-0.296762659167763,-0.149358048232302,-0.245463782044668,-0.00624878548748437,1.05586373787128,0.380506883816558
-0.241654941068174,0.180372152146374,-0.250924398379599,-1.3768367371527,2.30060118307091,-0.162045925355992,1.69116975801687,2.27908517218955
-0.0863983743348538,0.0181635106704867,-0.831958784672317,-0.232781665161674,1.8620456019061,-0.18665586097661,1.23065359293184,1.5330434139437
1.48800400462922,-2.59739930827087,-0.119596764644147,1.30018008569241,-1.04721405695373,-0.19049529869675,0.791408232020813,-0.257851542279472
-0.461643732113911,-0.953396738178864,0.046637338892431,1.04086096017684,-1.11658385000057,1.28282321235867,-1.69487613617151,0.0854521488890244
-0.482993797051555,-6.07452478636193,1.36218083412285,-1.06442707263551,-0.829903396993955,3.17403929253039,-4.47025726459076,0.155542697505596
-2.30108513349107,-2.04444262040626,0.339653650950035,-0.702515072512909,-1.3431512037499,1.46056375163699,-1.30330220491061,-0.321972287713715
0.81334994701272,2.21249110004791,0.200704670595095,-0.725129468611553,2.73385268002155,0.0456234592887831,1.14345613201172,0.924125756063965
0.368236628827932,1.58637161739812,-0.67150335460221,0.31226650128367,-0.165455934867962,0.292222794341893,-0.490540437292318,-0.355917727433947
-0.409760571177481,-1.4280818295426,-0.244865048763667,-2.33705925821475,3.40252737463093,0.140710161670944,1.83573926378059,2.28185101107112
-0.370444184306176,-1.15364895432814,-0.416034948333568,-0.122514084358728,-1.62151958675831,-0.630183736480374,-1.5720171586397,-1.00340364174172
1.28959682808473,1.02726675191628,-0.58594572595285,0.885207395778619,-0.780296211765968,0.798191209921529,-0.957980758987391,1.08761379925445
-1.25934495814911,-1.79201255089241,0.506842201170666,1.09971550290761,0.165003087062861,0.299635199975734,-1.57363447906071,-0.0519677144978843
-0.652465851506205,-0.405648022910593,0.92537227106135,-2.62972747298583,0.979851639895021,1.66948949593656,-1.34487832135561,1.06443059463069
-0.725391502992385,-0.606741331330497,0.827499252603123,-2.5014843187581,2.264387255793,-0.527156551458365,2.60792635663639,2.17246076355457
1.24911500878851,-0.480069100860156,0.157971564874802,0.625206552158188,-1.43445041797434,0.177501299519674,-0.774710814077223,-2.25427580792709
-0.405897959355769,1.03926071269591,-0.415286331037457,-0.145736083545785,1.85946818543664,-0.753833811156465,1.62589340121517,1.54499071452891
1.71277589927481,0.432829874282249,0.477370667631769,0.176932256997224,0.599894155560105,0.781070245636183,0.315934051068241,0.148997886679144
0.615509801538915,0.458887827959195,-0.119930373316961,0.639292456166661,2.40782607758134,0.429144386389414,2.10231810428386,1.17545518549166
0.15142596771745,0.227924582993033,0.780418154453318,-1.17991408262677,0.232167601681734,0.962967054848089,-0.192482689287059,-0.0349000465397762
0.912167411391809,4.85989109857364,-0.43058977412913,-0.908970774666566,2.13346617378725,-0.970612587496717,1.57277375715657,1.99384531691835
1.68474632553782,0.875608399806226,-0.229554641996654,0.0655606199828259,1.65817862121416,-1.75573623451151,3.83908037357323,1.5823629091177
-0.469235241712306,-1.62540994020467,-0.581709986470352,0.0108718280178728,-1.15509448166183,0.637759658829672,-1.57384552622258,-0.593539984820383
-1.29404842687157,-0.119333451541538,-0.734832675932291,1.22387546105673,-1.25416685794746,-1.40378840019515,1.70396277023468,-1.39820229028359
-0.975648901605265,-0.162452592179141,-2.11484643640191,1.08386882798142,-0.429577296981091,-2.23572308097752,-0.282111644404719,-0.405616309661711
0.0554901218981713,0.427232556485186,-0.0407081692014172,1.58860486874521,-0.636533830406705,0.061863954471414,0.00501399482356362,-0.760297240773733
0.363932069465697,-0.895922997742256,0.600391412731647,0.638987541418671,-3.3668646434357,0.469427865926226,-2.55405148159139,-1.41563238182798
0.344082178882837,-0.557312749686726,0.0148167642666544,1.5260661777089,-1.47471229620658,0.564954353158496,-0.488760205000435,-1.0387640111305
1.12049732881062,1.44044776606399,0.296282748103051,1.98409140643607,-0.483961369055318,-0.222164387318875,-0.313195572550209,0.116389671453655
-0.117674220021301,-0.645420854845744,1.99386628274954,-2.94791478467693,1.58745530740221,2.05868218141871,-0.615020511118009,1.08172638731906
-0.45444709058282,0.820781644324033,0.319909450931033,-0.316272913704902,1.62237082407954,0.827352596261898,0.101022887926944,0.831774958942877
0.395403693810626,1.06249206430589,1.47996858785503,-1.16123433426024,0.464760790307552,1.17520775807666,-0.108726454733136,-1.14804112194036
-1.76133909492535,0.106316404591384,-0.371493183693103,2.10861398392386,-1.31084310782846,-0.197807136799943,-1.08088947251497,-1.2971108590483
-0.600792241297731,0.0842130926367577,1.27888340594886,-1.1217436087649,3.48354498910946,1.17715301153065,2.13152874845915,2.47209816877964
1.67481902369641,-1.41499396355074,0.752257984819429,0.655657022644357,-0.967075777526558,0.459978624489424,-1.42710371936671,-0.564758452373257
0.150909058048016,1.33335142719428,-0.0193632165441044,0.818053855567781,1.07630741594618,-0.406656055733344,-0.00324964980206299,-1.15720987781576
1.13298299606604,-0.374227058438795,0.586277874495434,0.495332450242107,0.177336697278348,0.170274382951637,-0.0363054045686228,-0.919278883454535
0.962582084114086,-0.332340543018341,-0.90365214297956,1.34719486871773,-1.66254459352519,-0.139469282230686,-0.54574154940063,-0.719264045407796
-0.387925464640319,0.510669054111446,0.61946820629387,-1.26106486574625,3.41974418921581,0.892810117676421,1.1481956094923,2.11498948129603
0.352397240761619,1.28526480692979,0.137156537657062,1.71098541456893,0.499365641779841,0.623243459423299,-0.90712303323716,-0.0470377923599107
0.298631394909942,0.312487562349759,0.640646279665872,0.841558452370798,-2.11253987710387,0.128122420344489,-1.69634994792861,-1.44077030478752
1.10073404708224,-0.0473538461236548,1.40270665280994,-1.5900177970469,-0.541154229122285,1.65043170676089,-1.99239248397517,-0.733603554652935
0.902974386480275,0.287146675523953,-0.455264155332112,0.39166692624591,0.256063004499257,-0.295578303735554,-0.409466814320628,0.00158649526025768
0.597049609371086,-0.846845130465499,-0.240390332125754,0.731609871170389,-1.61503195123595,-0.67477569750761,-0.174813427335978,-1.70230953973431
-0.695310207042869,-0.174702257857732,-0.829528893012703,1.34457932121775,0.222960190854802,0.346019988292425,0.843014712593865,0.674492136220735
-0.827102638018328,0.318847753419753,0.0883076320238318,-0.899960038443079,1.82439716752701,-0.567749650820116,1.02900571855206,1.8234864161024
0.461744515322839,-0.807587894955875,-0.656784445798047,1.37583491396088,-0.730014583411042,-0.651051022167253,0.21772154512083,0.0156943860515449
0.0203057040236172,-1.20211577541136,1.29013553675589,-0.901629990963391,-0.190879495098673,1.73060835676325,-0.963977492145483,0.725428836220294
-1.98495305995765,-0.200272200650908,-0.892369214620396,0.299742428942186,0.172443341099222,-0.447742210284558,1.26312042234504,-0.588292088244182
-1.33634736679518,-1.00147599527717,0.12098140811841,1.08456161107172,0.0267625433182267,-0.559607799464884,-0.158723039597618,0.82274843817813
-0.156958823356012,0.858806987865587,0.667649266386424,-1.0309054010036,1.54349111864248,0.470031243325372,1.10578572375285,1.06028803084588
-0.280544957684197,0.840852482604595,0.791415930840136,-0.674090933380149,0.670140847290137,0.539224189113315,-1.02920301799004,0.602545410800006
0.522545450339862,-0.863949591038482,-0.77690646559357,1.82708894562575,-1.63400963972374,-0.175284782500657,-0.422025375882302,-1.68431363886543
0.739953197677578,0.0446318879104989,-0.428239092386946,-1.4582763939779,0.19541802004865,0.530396679979786,-0.114883513373227,-1.02816814419341
0.641991206898808,-1.85680320733583,-0.161862515888154,-0.187921088570698,-2.28209577051755,1.08770026136962,-1.83377666576191,-1.56743811473645
0.492497633442949,-1.39723454979367,-0.349338606286058,-0.550659482017804,-1.72360488093479,-2.98842059379967,1.41454576961851,-0.67460201898208
-0.213569898788313,0.864238102589697,-1.14445207721316,0.743343679323757,1.3843951828678,-1.10816047759564,1.85593596361869,0.295387084726348
0.279815022156697,0.542274395272518,1.23185209829255,-2.31533821988188,4.2969981450394,0.670277658466858,1.91811572845276,2.36137718460892
-0.737991966737375,-1.734392547828,-0.321387935875887,0.222903757617794,-2.28354167502355,-0.563185545653602,0.148397392964326,-0.0793872328055204
-0.755225280466147,-0.235791983187048,-0.867233467244358,-1.40622505798069,1.19980909553609,0.038022917948124,-0.750276456106569,0.640317545054561
-0.168803147853928,1.15915102806599,0.00987254395661131,0.431239014514227,1.11691529204643,0.139370744385956,0.602422888844211,0.64533714730531
-0.363278901160608,-1.86200366058294,-0.608488227068302,1.19662805246387,-0.697839357182549,-0.764966666247765,-0.0396135516564351,-0.566832333751736
0.471450391758215,-1.97310349297782,-0.08221987876259,0.776038539938791,-2.10162129384562,-0.83143678675863,-0.113584966510661,-3.22790203885017
-1.4210162784513,-0.904326767138064,0.135582729253607,-1.69157299219711,1.19562582624786,0.943790557019173,0.439609453913023,1.24596271269622
-0.0866709170920806,0.898708656650516,-0.00931450425392971,0.386846757762797,-0.199683714214335,0.305079007031253,1.01599820015379,-0.543799787114683
0.992377743584436,-0.0208041444424169,0.581243362035468,-0.998235481086205,0.946963667970819,-1.16295796565043,0.831238348077232,-0.286794425623023
1.63383897095468,2.35768789033025,0.460314534698677,-0.049208122533343,1.29088235522607,-0.421156439874314,1.68314493885299,0.382562425371154
0.727012916192927,0.239972744430492,0.108062887441179,-0.685735721939579,1.46452279056869,-0.0400025915979381,0.963665173325056,-0.1249384799969
-0.472345478387796,-0.0264548853858475,0.40115885551571,2.14437235098958,-1.37188518577804,-0.949009342939104,0.742391150469815,-0.00786433556207934
1.73930267779873,1.89387432946089,-0.941978111662077,1.92701417464299,-2.89917105249871,-1.57314944613904,-1.43060480373496,-2.01462472490306
-1.05587274870301,0.368422295681262,0.414871349788368,-2.96986363155799,4.00509315673426,-0.361826799364579,3.34994943009018,2.20945195827685
1.1895579714992,0.587818987638555,0.0407567465691278,-1.36805410251346,2.22192715856674,-1.68959707741764,2.12150853268325,1.5224461469353
0.223368426923756,-1.13583298705083,-0.31331800722056,-0.345735966768157,1.04215565392686,0.322549297007479,-0.150144404611685,1.17741351543275
-1.84536258516823,-1.54993158158225,1.21387884720852,0.0865363547892691,-1.15046794458538,0.879692555355157,-0.950634854438696,0.449508111520645
0.899001913435694,0.0820169253116879,-0.692214444259719,-1.49873448261575,0.232764319075001,-0.483168025710743,0.144575517342993,0.0962827128286439
0.0642232287194436,-1.09068333329701,0.143313746065432,-0.902747604387816,-2.98551191933925,0.335281950747848,-2.28592452348316,-1.01572259432034
-0.0532245865123749,-0.240170414568899,0.425409973266241,0.327816778236354,-1.21214161178261,-0.0758525750507689,0.814613258157651,-0.0677372466982191
1.09911388555536,0.604423960359829,-0.12769300987806,-0.491442283541522,1.55943139505491,-0.340661196482402,0.774339312770255,1.66172208772232
-0.0751755067863536,-0.799031510898929,-0.223177385484757,-0.384786089744838,1.7091194696323,-0.479064553734004,2.49259112431375,0.821251183668402
-1.4522262017529,0.559937952401807,-0.0121658391048717,0.584011209874541,-0.793993848958674,0.220381176974946,-1.59566744472797,-0.217462498465544
-0.150137379240274,-0.556311282485622,-0.928675962427893,0.233859970412785,-0.455896336625223,-0.536778583160741,-1.0328434145142,0.363338566471537
-0.320053823833765,-0.483959188190966,-1.10603858447822,0.00152124153179713,-0.335667939569757,-0.680542945549947,0.253519302065325,-0.207637867354585
-0.559516501721751,-0.168606858533045,-0.0947895998755644,-1.76382936377899,0.414780069502904,0.0348686783445229,0.310975339409618,0.255487753096069
-0.613295782798298,0.157107730703813,0.959203896001995,-0.730831995058337,-0.196655594052062,-0.192190831324045,-1.07742176110568,0.627374502658194
-1.20449305663566,-0.373816192350696,-0.558994353065899,-0.0825276447930675,1.31669187133991,-1.33670753393373,2.44130445106833,-0.19040497733034
-1.07839099219488,-0.082016145966871,-0.0377620775961363,-0.0647912347955862,-2.73524784243895,0.139833971331624,-2.74024317151008,-1.41477092173343
0.323256455688288,1.8874593703308,-0.0034605171559226,-0.655704557640844,2.52990962754921,-0.650054432092328,1.73058634617778,0.574487898758156
-1.79208476420521,0.216859153205621,0.303722327539353,-1.17415873336539,0.192597066738579,0.3519482694375,0.89296079778458,0.448568412672214
1.30748573949399,-0.654902032881574,0.649306771610435,-1.93576409741224,1.2342655057545,1.00808837547125,-0.943524365626924,0.667109883042194
-0.855706495745882,-2.97876277483729,-0.656654117164235,2.33069697870645,-2.86606037572205,-0.812621821398696,-1.76015931053718,-2.1891884043867
0.314254240268962,2.42594447591137,-0.235890902247453,-0.687140783618407,1.45737496375617,-0.683383948024979,2.01869870510031,0.33382255779113
-0.0587238340804421,-1.69912109599992,-0.666617680342476,-0.941192528662622,-1.794102498917,-0.0627406712989823,-0.531022539564782,-0.666323060296145
0.576851484364772,-0.686277704117605,1.05051746010876,-1.01557640755736,0.643780437973869,1.51950370782936,-1.62996945159207,-0.218474310938991
0.550123912814671,1.24223674267394,-0.494656849889692,0.52682050031339,0.644151667114252,-1.64363019000631,1.51610458622778,-0.0266056602943059
-0.00303967143994202,-0.28832279214142,-0.171664860817137,0.18596056183015,-0.887388559489621,-0.502528951889775,0.0356682202244456,-1.15447864023111
-2.31283912260537,-0.613711115949002,0.437390542888748,-0.826293597280105,1.02791615740153,0.977746992224001,-1.29575465230708,-1.27854778984256
-0.772419824697492,-0.452167395082746,0.0069939968834817,-0.414103719547624,-0.505265744900078,-0.0467566959626599,-0.776802656084221,1.25496124918197
0.131625905847256,0.577121452082793,-0.443890752868596,0.716981351616834,1.43476373671014,0.279762591013992,-0.210851799812448,1.68019107104805
0.228792968683541,-0.740826998979682,0.177822562769546,0.529795962463529,-1.47527068798789,-0.59501884655343,-0.718225939788898,-1.42225214758395
-2.29383973908841,1.96298309245445,-1.35008610959456,-0.823597659782102,-1.3092990864201,-3.07843406551484,1.51330992063909,-1.12047522015842
-0.334472680099419,0.265284016601219,0.42714189120286,0.866670569200768,0.433187773673422,-0.286816041999763,0.47929907698929,-0.044812020215471
0.896262376339218,-0.576379012169796,0.361335165929043,0.454144181417164,-1.7016777001732,1.18113854884339,-2.2605726363113,-1.15437620903505
-1.01248379724096,-0.320465466795119,-0.526768844675657,-3.13594774787222,5.1850750278184,-0.31527426185494,4.16103405668005,3.20529345879857
1.16760414321189,-0.428365324656179,-0.884390099041654,-0.740697349619069,-0.365753898694124,-0.435392402767646,-0.291171183869086,-0.452067999554523
-0.661295987885026,-1.33963831903241,-0.315413935212853,-0.860342830644601,-0.217665344757031,-0.992751248752746,1.92787573826152,-0.245722114822288
1.70272790977822,-0.539386120202769,0.816512865812384,-0.0603878753039642,-2.47686668575442,0.153961835123929,-2.2157850499023,-0.550073207721195
-0.880440006688463,-0.619359302330691,-0.549107449302073,-0.0137950952949005,0.833604038144991,-0.439152508383017,1.10041921435205,0.582681266561034
0.545466810263739,2.08058827115086,0.741722358768016,0.906531040561187,0.574286421858649,-0.188735629559644,1.58271654639119,-1.4222392906929
0.852522451702733,2.68985853427088,0.495057150898862,0.505777519977366,0.838198883738835,0.329076445306911,0.362331470122944,-0.553670775706675
-0.177624512930445,-1.06068322442248,0.0229823593746147,0.61845847267012,-0.785449108207969,0.297568635943252,-0.165064396563606,0.18108593470366
1.51304221071653,3.30537669738132,0.44012483446335,0.344819822880121,2.35247960542366,-1.38094858947514,2.98865142940569,0.505092622794147
-0.623687252824023,0.442497426622729,0.345740338902754,0.535440629718965,0.928678752183491,-0.587055774598454,1.39241381797575,1.2055326295674
0.457901581578406,1.43785724800253,0.383558094591243,0.599812823016104,1.0799981575342,1.03005996441566,0.685350152875098,0.57032222571573
0.797557275422393,0.371791561662482,-0.415767274828034,-2.66349623931796,2.56142741137538,-0.229612535469588,1.45584190888094,2.17521535164359
1.57307969884415,-0.124312929956519,0.865459541179887,0.516272654072801,-0.252156251636315,1.09169553841085,-1.0591870406185,-1.16316165566775
-0.0531521741763083,-0.522075994761425,0.177101872173188,-0.894495566497882,0.232845981644961,0.447385771342733,0.430743112098303,0.0375524932589211
1.22848030006931,-0.604215559625615,-0.290354012627628,2.19308180012961,-2.77347157832897,-0.936369458966194,-1.26866286200528,-1.88222785875734
0.980317879012184,0.290659200842033,0.297412314396047,0.94339871222948,1.24343788263823,0.160276545769845,0.409976752654792,0.674546502598046
1.12746843958282,-1.79532533317003,-0.259194995808558,0.940636031394387,-3.61082864835826,-0.289679317421096,-1.37547487053577,-1.35343409185006
-0.955298177241398,-1.35993227206491,-0.301688338667661,3.41844881378648,-3.60754067909658,-0.910138797682853,-0.870626108259346,-2.19233024591909
0.102146495614561,1.99095081402998,0.313157863703946,-1.11458250422597,4.8124265775381,0.265251689267045,1.32530779229893,3.57778839387733
-1.23876298044115,0.0763869140366939,-0.252670843890918,-0.407782469293128,-0.376776462410177,-0.602325622130667,0.781658568182329,0.430805429813611
-0.717756745936725,0.53296239874017,-0.210056672623857,-0.0520497698534979,-0.509465595965438,0.3729788812564,1.44153397513051,0.442363651253081
-0.297118483470641,0.484140259477169,-0.289429051443969,-0.212400481288529,-2.83261698592722,0.676485166614647,-2.58200340360161,-0.42707258120775
-0.603779198511604,0.699484947305988,0.264066069533433,1.54999338023513,0.498562013000471,-0.300071811442049,0.0251574245196378,-1.05713148133303
1.04414266729854,0.146103893815534,0.463888412148434,0.910138339751666,-1.5071628888233,0.263175819207912,-1.62688948816186,-1.06703711100917
0.492376908889605,-2.88816986396478,-0.784824349220954,0.666476023655722,-1.67432174342123,-2.36830622562008,-0.0835277762380194,-1.6910154160034
0.106270612576794,-2.21788281726199,0.356765532253217,-3.09059981043597,2.87482134592442,-0.159401353017107,1.32408089924133,2.38261609264071
-1.39093955672476,0.706714949787625,-0.138766946089732,-1.67716790185423,1.24794576773487,0.668734274717005,0.490672505774637,0.438013098007689
0.209215908010875,-0.420794596258531,0.219946007059869,0.442752288366638,0.688414735190195,1.06815333845113,-0.116504687626583,0.863761003517584
-0.0997240387203387,-1.7461041411387,-0.485274114521507,0.0211485474349141,-0.483417845163239,-0.427120225729057,0.683264844414177,-0.22825679034034
-2.96177168611673,-1.72434300325878,0.485384897888429,-0.961282268275731,-0.831691748310307,0.509935399624858,0.11204943636677,0.893015944623719
2.97028770145297,0.0292042324430241,0.158783056425492,0.0114917651047724,2.73593974573154,0.10079121486111,1.94831581501142,2.76971815014983
-0.756463863518261,-2.23363898091007,0.217150357601983,1.02430134427913,-3.12515234627935,-1.42649552336756,0.126101619479801,-1.82366449290375
-0.52347222327633,-0.727853014570682,0.189650484888936,0.759604039366248,-0.19609090958421,0.816616000099368,0.137345735704409,1.0851646522756
1.55636471511182,-0.259137870528989,0.348324323916038,-1.63299359812481,2.55706606562848,1.54675048986991,-0.526809252367014,1.4700613421465
1.16293796840331,0.619011658786044,1.25641002076354,1.06001787040472,-2.27081520082725,1.41694779317871,-2.55270709523418,-1.79996865306775
0.471812450860393,1.91711718185947,-0.730492170914264,0.0993973717231619,1.48004876835523,-0.882329878152863,0.492922480765807,0.0837620793471226
-0.770603426488732,-0.815714109360112,-0.0400895347659219,1.89876035481038,-2.44730296855586,-1.50830808047209,-0.588402465765442,-3.52928738606679
-1.28925601182827,0.100448352109314,0.650745349281211,0.277654566018253,-0.524218453214079,1.4288885913477,-2.02346707472035,-1.50879739669789
0.937442890684272,-1.37185097882337,-1.09762535708723,-0.849542410916885,0.41667662277153,-0.439827509170285,0.687351970166107,0.151396374156084
0.179665123272194,-0.798693731084327,-0.0473354895667682,-1.00282543783091,2.3324099116373,-1.31565117994092,2.8549068957548,2.0977999722468
0.284168124724966,-1.42856444280454,0.13594274202099,0.864560692060701,-0.28678202971062,1.19989851530211,-2.29437696602574,-0.264082688726232
0.193201797289003,2.21684077816963,1.14598486345156,-1.07601478278295,1.94765963216903,0.45098944579713,0.426219530923876,1.51444876488776
-1.4264224270436,-1.08332434961059,0.611867445017678,0.283977670354059,-1.79009087962565,0.33192273534836,-1.33829819154353,-1.53903481211844
0.208093549298812,0.475564708339263,0.468374760970083,1.42472515647983,-0.530943404105507,0.955685759298075,-0.47418349616447,-0.777498005404874
1.70778055713114,-0.494262600838966,0.222102153113362,-0.555566255812103,-2.38569565751288,0.963578344635964,-1.8077535307903,-1.48465230252656
0.289478522259746,0.648930789913344,0.447842798106824,-1.44831950809773,2.37167598614899,1.21644800141972,-1.09374770099399,2.23512351111796
-0.745555673956683,0.067110743219437,0.393600653087664,-1.07323480417408,0.627181024033431,-0.285055351901204,0.718463122712329,1.39208144979849
0.409345116646988,-0.479279821284365,0.819696318110125,-1.63033859053924,0.809150066905688,1.08953592239642,-0.399093960123613,0.704503411062075
-0.861339110110049,2.14340580867011,0.434424142975246,0.303864817105939,1.0261897596856,1.09174921773304,-0.702730980925918,1.58463909837404
-0.360813264064456,-0.899627339511607,0.655807114614078,-0.764190235082068,-1.07553634861264,0.174034953223634,-2.58815856714038,-0.0826543356451452
0.67768614734254,0.233396467174301,0.785484353030555,-1.63087126817814,0.339293751586591,1.40070779614514,-0.631066443892785,-0.423571323873303
-3.04907627881055,0.340405553053488,0.419490691011759,-1.52147786556381,2.04247498508909,-0.102456052759362,0.769749712967636,0.549832532200102
-0.551731671087193,0.0225567787227226,-0.291390996716735,1.37377937348684,0.573974394572473,0.060230898376525,2.33968093486112,0.371359854858216
-0.381701047354175,-1.09286836674265,-0.643221911927222,-1.89247472975706,1.72797166799505,0.37114406831461,0.836937535454677,0.896006146001244
1.12923921275643,-1.6361722582249,0.360617266705682,-1.76265851092357,-0.478630027368082,-0.16119240035201,0.247919782964989,0.353080105052519
0.78539303213661,0.910553603490398,0.532542098321409,-0.970381282320478,0.655924186710566,0.323480781447185,-0.147011736707659,1.24775122104115
-0.617810041775057,2.01751019765128,-1.9159978079688,2.73095380874583,0.333725923666409,-2.10970772158807,1.30703845888934,-0.46279992252414
1.85488490843998,0.0187459789160422,0.773541117688257,0.252585967495638,-0.746970560570964,0.93024634255078,-1.71587775486497,0.0083730425193859
-0.0511322040327791,0.708976386898508,-0.371925772568486,0.353768444480343,0.428691261575559,0.207012807853426,1.30583402116603,0.360548376859122
0.641536574322043,0.958262378553642,0.258385266851203,-1.61146368826394,0.956536375700461,-0.12569025898998,0.465555841186614,0.779686807934492
0.816977823008171,1.6572983073969,-0.437461478137397,1.69504847071408,-0.770900982355914,0.147255441733084,0.268156293464403,-0.996779176267214
0.962662450670192,0.513926032383672,0.609374626010516,0.711821583734397,0.321204896778726,-0.344180187835772,-0.365288263860251,0.315276186968796
1.79519952785122,1.46427055546016,-0.172636388846316,0.2863456340719,2.23155081479633,0.62212030644191,1.60195369525652,1.83879097947185
0.0360360805751101,2.01247910876817,-0.126188068051088,0.856004915120196,-1.66729506823786,1.13247545217186,-1.93728118269746,-0.0444292370888571
-0.442457912159448,2.68273394198433,0.043778033687621,0.389017012333639,0.776462500677389,-1.48011586830137,1.22605201235406,1.39132348934581
0.256741313185813,-1.05757286022661,-0.51082140322641,-0.999411958696351,1.22366356567623,-0.995502159475782,-0.0558011451770098,1.29944884213939
0.529679273775428,1.70724114280709,-0.413176308003834,1.20538939625772,0.792623639502157,0.29873123081748,0.951450953337038,0.631930078735706
-0.92209926412966,1.07298141115466,-0.0370690667517974,-1.39012572361054,1.80628310161429,1.1736222328587,-0.11288305961605,1.8360922145003
-2.37044082849907,0.732482744509684,-0.599200071682635,1.03823744807464,-0.349520384574119,0.668425576448207,-0.118291151178681,0.532071980645498
2.02668486887148,-0.240036574233251,1.59370089865795,-3.02126494764746,0.819500185485494,0.571365668068536,0.0319373545172941,0.918595750143322
-1.49850880252659,1.45299711975666,-0.339709721241516,-3.01558576728558,2.82627237127059,0.0487981349131385,0.822561961588129,2.17134238129411
-0.26703494355335,1.68946429094042,-0.458626818346381,0.917385111653335,2.59849276662254,-1.12035257942141,3.24220340773332,0.767191568106127
-0.806701299033027,1.21494938713699,0.731425339411044,1.06089431654935,-1.09774383835904,1.08827359046053,-1.47221342606889,-1.36156442999846
0.406721321116857,0.276529081634505,-0.720464747889191,1.5415927552523,-1.15687646674231,-2.00566754114188,1.81007985156952,-0.710946162526953
-0.235878161187271,3.12852331594094,0.83752545996595,-0.398676099933158,1.90533406066183,0.0299103152873122,1.33382600083425,0.472420792775629
-0.619978874142572,0.512884695987407,0.910019501563529,1.65645746415407,-0.243863221345162,1.33031616206631,-0.501229223027945,-0.683723238742234
0.510465690502277,1.4244625697599,1.25166131592544,-0.630925776063011,1.0672858310433,1.80793527674676,-0.518989055362381,0.872747738834804
0.419820218626589,0.419557884378174,-0.385944137458205,1.15113235458731,-2.29055415200229,-0.594756173296078,-0.0709278798396208,-0.10666108173906
0.640784333095969,-1.48310394604291,-0.945265638461081,-1.87214376042911,1.03241315286746,-0.282949212657421,0.582699857243049,0.225196174231882
0.610209368585077,-0.571929804225314,-0.161603280252728,2.01613081696112,0.841626418054441,1.13411337191378,1.05408539137352,0.991923650212334
1.6175177864449,0.83053021180824,-0.352625092611977,1.38317871510894,1.75457959958328,-1.53174287097792,1.43309995471798,-0.0722240226260821
0.215989358772496,-1.04867084679115,-0.0140977170519697,1.04071107083211,-1.77146046961107,0.816551524643437,-2.13328379665342,-0.713385486512998
-0.927365710295789,-0.721951848514326,-0.427933521587154,-0.916544718195021,1.40742275065559,-0.507165628577434,0.427121764479397,0.96096218830531
1.93852107084592,0.870262034228272,-0.0585663809224346,0.697312814820441,-0.00672372485068497,-0.492975586482356,0.401849035662029,-0.384600356722209
0.686141791070545,1.02614501074453,-0.515927899789822,1.32115937939925,0.0492586042317159,-0.140927181655531,0.674140361346324,0.396222447346784
1.5210174303888,-0.583903688416309,0.92799057539694,-1.3227204420985,1.15916080936119,-0.520975308040307,0.847399802937317,0.278251234433139
-0.578364883911746,-0.956859599640573,-1.08346067247733,1.88262593722854,-2.66534848071489,-0.709666717683634,-1.35421639596019,-1.38630197343318
-0.372439541247834,0.358989841714675,-1.9442803272687,1.27720196325106,-2.63792283341481,-1.38993246613462,-0.717216804124344,-1.8007034728741
1.02234036230203,-0.334864400123148,-0.170750720599664,0.118512782418267,-0.938105247106964,0.0565213780045226,-0.728734212649771,0.45832581423929
-0.759333017567217,-1.6815340641865,1.25734677107508,0.446157153476691,-0.726121409419435,0.942441095923907,-1.89643644227652,-0.664188444118765
0.754108163805041,-1.78898230285808,0.262031189204227,0.0800511006641527,-2.04355696037631,-0.405137509882537,-1.80796365595015,-0.424068345575855
0.174235355323513,0.792745075570505,0.131757846857082,1.45537282896545,-1.82368309743747,0.468590344038405,-2.10433501385665,-0.877484351396343
-0.670362493139192,0.88596241014131,0.658219918837474,-2.12789651895629,2.51090962537691,1.23476596293357,0.120251304903298,2.70610447391376
0.453711859157018,0.938586306029607,-0.737283654279602,0.976629677527927,-0.997748662504241,-0.563331095657766,-0.0833337388014757,-0.786329952914787
-0.201280521001347,-0.946943260290831,-0.919987020019401,0.602745403741971,-1.50695384284879,0.640068227927843,-1.62543822809336,-1.08490370525494
0.418416535938367,-1.12391300105066,-0.0303691121835887,0.866410587348142,-1.32954906210878,-0.295052442665362,-1.64309917130642,-1.03746636199248
0.0990060579571449,-0.641689500658504,0.886118201191866,1.11081807899123,-2.03686881082468,0.773067731873308,-2.47674865914305,-1.16302148773465
0.80716554686744,-0.229802089674613,-0.140573243532649,1.04894996892994,-1.38720056065693,0.0331260958894883,-1.27362591135135,-1.88796864965484
-0.474421387112281,0.950814609218718,-0.743698067512081,-0.121012001769251,0.934191423360854,-0.962234234271934,1.98230830294605,-0.174541658732162
0.103877472316837,-1.7602297883101,-0.143872038411212,1.37160273166905,-1.40234836746675,0.219894053064124,-1.13149004120015,-0.886517526792309
-1.90134817469054,-0.548814629019618,-0.661532751609464,-0.676837182511568,-1.93183344398562,-0.40482925597496,-2.32080434229922,-2.46186624885366
0.732068131012128,1.72263757121943,-0.668695376934601,0.457022820354645,-0.0721375815582287,0.238299454732879,-0.728301923818145,0.443889260573057
0.396147960565385,1.31646061370491,-0.135672518220281,1.00222222446027,1.0835360243112,-0.191193381734771,-0.421249229302468,1.91475578734726
-1.31263325287236,0.60238928839743,-0.366264047398579,-0.461802478264968,1.48918584521127,0.3416284103807,0.0591537782142906,0.568567231859051
0.623629415565232,0.325266151948721,-0.311135265947195,0.980948449957494,-1.58172576638704,-0.431805502167559,0.462577247786737,-1.44582516057219
0.0715645066786565,-1.55883661097301,0.201304148514634,-0.52091230823282,1.68460412045544,-0.912101834916033,1.83903427633483,-0.0477862694901684
-1.08037257409215,-0.171355374603059,-0.578037558212618,-2.74984339021947,0.802893455815785,-0.441891537065577,1.72127912939743,1.04771534161766
-0.0944767508277787,0.529038620697967,1.04268558006255,0.335722591157348,0.294653112642669,1.22396483665024,-1.1729255228699,0.351672788403957
-0.505531857421526,1.05089493601922,0.024877163325886,2.09537187352736,-0.0636990544847408,-2.02528861579938,1.73034296354374,-1.24493470188306
0.449903570687039,0.380888745045795,0.773659175229585,-0.682825859079427,1.49208833072713,0.681174884171348,0.712505201961197,0.531264607536746
0.969957154664533,3.40641779695674,-0.0189418475618047,2.26658081368889,-0.3484035510316,0.334661935347208,-0.366657888317975,1.45675547611231
-0.905474511967409,-1.16220140848612,0.355870887097751,-0.886662946830042,0.600743427172994,1.02908408905531,-0.585742266133455,2.08243925265593
0.926576528134968,-0.796522572693864,0.0883546793893098,-0.0532848506556513,-0.652824895170922,-0.418072824496252,-0.316609180159537,-0.514234604593372
-0.36623105147039,-0.126150254077929,0.722096275379288,1.28559193547983,0.258897289133703,0.674945687258446,-0.908328776286674,0.128567763556048
1.75298794993505,-1.69014559676552,-0.171924380268513,-0.808749587933918,-1.09219214164261,0.0642825227058659,-1.70989829169869,-0.56235189520936
0.424802708853642,-0.949384299603571,-0.812207750455192,0.999608243358021,-3.62382914901765,-0.214865560271362,-2.00055872300539,-2.97925246949488
-0.57462252158486,-0.552269929255358,-0.728173592399782,-1.77389736295633,1.99423764222669,-1.00080424716341,2.02652645038115,2.09988659978631
-0.607510757541877,0.27357652471309,-0.828849704780251,-1.26258468193303,0.881847429378853,-0.539165489490337,0.287841588862133,1.29455465127434
0.0655946895321744,0.931384517862173,-0.739795684240237,2.83748004946579,-1.03810327116803,-1.09710820441085,0.999413250935233,-0.889451094784127
0.506149812175917,1.38472326765527,0.341738404766024,-1.0100689464385,0.270636404698586,-0.445240540586234,-0.295556824529162,-0.438927243505912
0.556770227243945,1.41061496936661,-0.647529436803179,-1.74422129021804,2.26989670714885,-1.05967149071866,2.69061534364568,1.45205452285131
1.23542416970797,-0.934040497642768,-0.156201139941615,0.207582741767606,0.398191298793876,0.826153498156084,0.0484406952957878,1.22129925254964
-0.185265868925808,-0.62016189302748,0.234398043881798,2.54107021977251,-1.31832032787296,-0.114641639407686,-0.762940846545543,-0.4202198863521
0.464718143218344,-1.20777176356463,0.30602634942416,1.85398587135381,-0.888834403382663,0.0978117623631138,-0.430697728973471,0.372517552545127
-0.196803546922325,-2.00462387389437,-1.15862507657842,-0.745409852260993,0.0358609722632434,-1.34893915358567,1.64845413707679,-0.578104777349274
-1.62461117468771,1.88356131729,1.1100991637385,-2.48728579026177,5.19485611529405,1.20988178393039,3.25375500535966,3.32656721652193
-0.476238714502015,1.53885593267661,0.753934266581611,-0.70428995958322,0.123220480014497,0.650259705453517,0.172912367696625,1.46267679206335
-0.232044538731013,1.10069046092343,-0.429171235718896,-1.35281073405081,1.68547224595558,-0.389304259245234,1.99042937511617,1.56332420128407
1.16270996565633,-1.16955234522277,-0.0160855647886607,0.612828835975794,-1.3645153992159,0.146452744369627,-1.38730324989755,-0.865805939689654
0.209921285701023,2.21003370171109,-0.900717710775992,0.657290721944082,-0.173408744477538,-1.0567246134709,1.20035659938968,-1.0841962108743
0.824598600905405,-1.97668183843589,-0.371392455510803,-0.0267618935531622,-3.75742614627656,-0.0860444430138316,-2.13910839430722,-3.17750731190074
-0.671673269152944,-2.26605512055679,-1.03563475573521,-0.505501910105405,1.17669314822267,-1.84016531023632,2.58137238602755,0.558891322786496
-1.98685710685966,-0.202197018654224,-0.431326455370333,-0.489232757853891,1.66878763116479,-1.47671649567651,2.6795037616833,0.135325121064691
-0.5560506632642,-0.593791456992291,0.579033753462365,-1.08794668267016,-0.726799912067233,1.23622863183778,-0.679214791649769,-0.159554846723222
-0.0548745038277127,-0.15868652497198,-0.310212605487117,-1.47329469937828,-2.31223412532857,0.11995459762412,-1.98624337230294,-1.54863989817952
0.0781210631459208,-0.903391106832364,-0.97415755375195,-0.672787038403108,0.927609879552742,-0.00597764408828383,1.42531703160893,1.43810757165518
-0.112467216644066,-1.7429109109196,0.114616373432549,-0.0491084421728714,-1.56424934241382,0.982569690001292,-1.37751630769852,-0.376747463383914
-0.697285097591171,-1.03234953003495,-0.324968519404393,0.256812258033761,0.732974342331991,-1.85911948725149,2.08511455701031,0.355782986092236
1.03510391908606,0.145185729773324,-0.0772073553263399,-0.187133031805096,-2.4868233716048,1.27777054380434,-1.33868782022618,-1.85033589997238
-1.44692062878811,-1.79615990708341,-0.659993833317549,-1.76771549034998,-0.227961256841544,-1.27394905909542,0.934915514913608,0.306849585184632
1.86806186921261,1.2326540103103,0.55173793892468,0.769700681481607,0.0371615887472642,1.662974735969,-1.07090514637949,1.10514978085917
0.260353085151179,1.90246899706029,0.311712971976537,-1.16915992349506,1.85155469052735,-0.724564936934562,2.18809796934523,1.97598805956012
1.67752030315118,1.28181706505857,-0.221877423821354,-0.42436743941212,2.28373013566468,0.221419760887844,1.56005096010318,1.3760739655018
0.487627914665595,-1.49696655180828,0.0590369117087046,-2.2246851828796,-0.387991040905978,-0.922126716259358,-0.662186214560056,-0.0120641499483234
-0.813408643768751,-0.441760069852346,1.4045887543969,-1.43585408744684,1.60302678242024,0.996479414287762,0.826399030097978,0.822833922684972
1.9066481458516,0.465072484475419,-0.460385716225366,-0.554999797474789,0.960386667460074,1.48962971664488,-1.63644536930099,-0.390275739371991
-0.130206191874275,-0.880090998148364,-0.135932810186855,2.00907359130422,-3.18192753287603,-0.733121584186316,-1.91422677631131,-2.17941168118028
-0.572318293209637,0.32040959535365,-0.825284585503118,-1.0033920245907,3.57940581578849,-0.217572415590829,3.51030182978402,2.87720252001148
-0.625208823636753,-1.93478806373111,-0.0151875776089683,1.25838249616399,-0.635413506252814,-0.390071815804665,0.277882736427492,0.886712215724218
-1.21423668441444,-0.972441677713257,-0.407023666885571,-1.1545638984429,-0.438026028545719,0.0870988550950442,-1.07087238162474,0.311711466772322
-1.51920388842204,0.239860640130218,0.0984086808623484,-1.09196362456596,1.99878780495671,0.0198868521503939,2.30358356493772,2.68207690866988
-1.89243737525139,-0.452391751165439,-0.155001787780624,0.603914580693753,-2.86686717596025,-1.29353523232656,-0.0820822504112297,-2.48041094683983
-0.152693452180914,0.601284922892365,0.65479169058016,-0.917709285306547,2.15054680977139,1.60418787829866,-1.23445864109356,0.767068105521258
1.44743398211185,-0.589385232285748,-0.267916568724414,-1.63466361499703,0.765011858317789,0.972130203989357,0.056108015703474,-1.01751273071039
-0.0747373947311854,0.108425558450451,0.2063964626833,-2.88012422590657,1.9308243751152,1.19972703044045,2.00829035413645,1.34763558193809
-0.080757189742206,1.44078554227311,1.1643062398583,-0.376675053080157,3.17341999899619,-0.484301382442829,3.0863412646613,1.84212382934976
-1.94172063443199,-2.88932554137361,-0.275096622100784,-0.160308427659872,-2.2495790254222,0.866636749714177,-2.95284339971528,-0.274329086040401
-1.10856994450659,-0.0723466772767911,-0.0154666960543917,1.50773358950579,-2.30098141881491,0.856509994055669,-2.67857318760572,-1.90657473381321
0.236036590554299,-2.56305145021315,-1.14848998561726,0.0939315476943031,-2.13438893556141,-0.543676392184644,0.247444367847348,-1.58241229388343
0.240787448436148,2.58030650806978,-0.13736163069767,1.17404276179157,-1.21525110945134,-0.815253185951701,1.02030306394937,-0.374274615262953
2.59781623331485,0.978643366810745,-0.717507489862435,0.799152625324732,0.994780777835675,-0.716169986808826,1.79449915109111,-0.658146946958328
0.206438840818357,-0.658986687186771,0.294799091186053,-1.81655391129583,1.50787464511377,1.04590988224502,-0.526705120392269,0.827310578851381
0.21619791280076,0.124412816213882,0.763429902563976,-2.12510943193291,0.0951112803429074,2.3625567135621,-2.44801089091534,-1.05262149751815
0.13632521023842,2.43600531493346,-0.308200493914572,1.18119865755118,1.38154225391226,0.0607907455540779,0.717093659604137,1.4240275116783
0.364747147266825,-0.294131979292148,-0.501599336417166,-0.595307818534735,1.72279379410072,0.82390939131584,-0.591926459114209,1.42650992435509
-0.393145636164848,0.322523914913162,1.00503132727284,-0.206099428198833,0.867885149397324,2.25061939952059,-0.730558171161885,1.23730951508468
0.631312273807029,-1.52606518792187,0.450100876847514,1.11130136498007,0.292981273414958,0.971106387940847,-0.644667166545331,-1.30170155682176
1.8802357283396,-0.840601068269029,-0.378666470775291,0.319331129788292,-2.52181859295095,-0.30090463503049,-0.819966427318864,-1.25137507752803
-0.216658389680977,-0.237410757194272,-1.30192696543058,-1.72184819708914,3.60560017566004,0.134849630468701,2.29055584525781,1.5754418113955
-0.00666060194336395,-0.0712058434129224,-1.31848388260666,3.37633454370782,-1.28913913340916,-1.00468766639108,0.119479133921845,-1.240365771249
0.63136957476808,2.23002267855812,0.224540304778217,0.108174526330575,1.42343653154023,0.254456751876635,0.0284847401269113,0.715445800943658
0.196084114292746,-0.620575712838758,0.272642126123602,-0.724599120224438,1.03292683818159,0.62500853200163,0.866478374565953,-1.4102982797798
0.37952233966738,0.124277781657164,-0.662930365276545,2.43874473286597,-2.98916221759353,-1.48748491724615,-2.24400600339124,-2.57931971808217
-0.878372969465999,0.700297322449644,1.08555291149436,-0.0904066382267139,-1.07177375992219,0.10614206824338,-0.810707277987385,-0.81039872311252
-1.48426435027779,1.17713778969872,2.22079569534681,-0.656384228015422,2.02199925404766,0.956622681825691,-0.300227064067667,0.606616528186188
-0.345410401545987,0.375597452640598,-0.0274767775293576,1.10257098868581,1.27351808719659,0.311100033364632,-0.0885607466825003,-0.594949338819328
0.901026121046986,-0.723164362443453,0.246269952405205,-0.0672924467225716,0.168068918492516,-0.338793211472096,1.1952974712269,0.900877730660538
-0.167808240675145,-0.591782458501112,1.12915928979986,0.555071051836906,-0.0926960549569664,0.667015706496868,-0.441069930036832,0.343856294596039
-0.536503358115949,0.235766392906054,0.142205947258754,-0.5623717161088,2.72600752531303,-1.0455121440147,2.26066726348562,1.44098473861184
0.473520379033492,-0.409803840351314,-0.000190361161030994,3.37505856472781,-1.33187509839092,1.17175209851976,-1.73934134082794,-0.210661960066156
0.147556340312361,1.7261886649813,0.861906523619965,2.43307866228839,0.80035905501134,0.450844509344646,0.718204033851616,0.926991566360525
2.85952068925882,-1.53706714131244,1.13427366211158,1.49681558645245,-2.20378114203545,1.30043232866251,-1.95579580137701,-0.875082294908489
0.618389341168849,-1.2663927112654,-0.138919041373155,1.36543450150086,-3.15522924792399,-0.860884667286877,-0.972200090746045,-1.72112974543197
0.415639800668988,0.462218727585267,-0.899348006901516,-0.754290073373142,1.92529867657614,-1.54133671486118,1.8407155651371,0.242849070400329
1.62157138365801,-0.36882872737427,-0.465369497639978,-0.256295800405801,1.83122335851367,0.317758865416132,1.69197345944107,0.396030673849265
-1.72983606126518,0.388191409409996,0.27497809230532,0.828414582385402,-0.629185370121958,0.188460289707033,-1.26030842652619,-1.31071661540677
0.371661432659435,-1.48789530678815,0.142133327106545,2.74268828579581,-1.62008021338256,0.511977676884598,-1.0820844660031,-0.445882025356859
0.442675932320989,-1.12051511958628,-0.306914612890569,0.375143207712287,-0.0934400669440971,0.334292646906945,-0.0445050786142683,-0.597500144644539
1.08926019595224,0.181312033691251,-0.666230091112492,0.356753270253567,-0.0854897289874397,0.383700051282916,-0.202174205289083,0.681224800126054
-0.516101756278344,0.627172732922889,0.601332476688346,-0.128098311505649,0.276234930861468,0.193043009780993,-0.433771706749771,-0.0576930563270282
-0.868346790325631,0.712641672496289,-0.279275335606961,0.350666903993275,-0.653186887528462,0.186879963477104,-0.891708237365584,-0.407179847881758
-1.1853277989662,0.547177034774703,0.0925620922726928,1.14613304392573,-0.782902014235338,1.26150219493801,-0.571679301551978,-0.941235360557795
0.871103599349637,0.795054121494909,0.101751119834048,0.0686942748334164,0.509238099701706,0.773044751145367,-0.166900449449167,-0.178970922528768
-2.0273226770245,-1.25896009276328,1.00125199651518,-2.01371734548325,3.29137022363111,1.15521854674346,0.817968970771453,1.80049987787281
-0.678304543373622,-2.93115397442316,-0.159230790441968,0.563107102727953,-2.08675845693185,1.48218271566438,-2.90907983869481,-0.381695896214723
0.122764370446639,0.581697706723219,-0.322188377609782,-0.47875166811721,-0.407812726902115,-1.66437776246126,1.4531985289504,0.405227058029825
0.618994080162801,-0.954737917463163,-0.699145557001127,-0.916729846240065,1.97016117522003,-1.09091095319569,2.42612404969987,1.17869392770679
-1.45122203031381,-1.2422792372752,0.275584281166953,0.492061503976449,-3.31959006166719,-1.38166331069876,-1.11002796916598,-1.03844643926931
-0.831157354173733,-1.49875695676667,-0.971268936794,-0.344754258180789,-0.227496138515601,-0.512491252026478,-0.113009286538236,-1.30520771907183
-0.310601347208093,0.828265828265496,0.85262758610439,0.888677128450616,0.383154871138887,1.18791003504074,-1.51443744630113,-1.15148071268956
-0.133385369936232,-0.846687440154735,-0.392266190768667,-1.07865285187838,4.04689097754458,0.310283750909384,1.00879517058305,2.34811013205551
1.91294315107335,0.334720477922353,-0.262445576778975,0.480577429471251,-0.864383828980926,-0.347509071707136,-1.37759471037267,-0.77234806281721
0.517716812142925,1.16244695291573,0.286358440254458,-0.595930506258949,-1.87890272445145,0.3696182314624,-1.20616041926911,-1.21916370717019
0.406191477796339,0.499932889531689,-0.754215558261268,-0.228577600186947,-1.55378597626988,-0.146601609237127,-1.7412899553962,-1.59814224892799
0.224684440021075,-0.175465044357463,-0.882642966052263,3.34606185572038,-2.87516279865503,-1.11421162363666,-1.14814052253213,-2.64478122877297
0.149519820123583,-0.905366730172574,-1.28138865768351,1.76312459717199,-0.734556181128934,-0.578316607808072,1.16125168080619,-1.19396854296474
-0.175697824806556,-2.09482709336463,0.0821339485449456,-1.00176785093694,-0.405622208478153,0.33600446528076,-0.983424742443225,0.912354819717226
1.11967225573141,-0.629953507483179,-0.0532257746532711,-0.438896174132069,-0.0838535473049533,0.153227792540809,-1.06580206433299,0.646303606267627
-0.990330687315046,-2.10427786653581,-0.212783586769664,-1.78114469657092,-1.47120131386627,-0.546684733010002,-0.251525120762538,-1.05146540108085
-0.527468588615893,0.0398933205223036,0.894438737468803,0.466267667073908,1.28564836973085,0.182225035323806,0.763450629729433,1.30507298972562
-0.0481750455711155,-0.892251440637631,-0.629627557754224,0.0260269378127414,-0.840845831227241,-1.2711778450869,0.275212955094763,-0.00622618471142468
0.0302795049440176,0.155834329856174,0.342128927840812,0.190729697706305,1.68586203131385,0.200963392463278,1.43271240836813,1.93437109401221
1.04854460251005,-0.0759392373218429,-1.09873059602016,3.29810969723468,-1.89479007220936,-1.35847019863718,0.282820888136969,0.0392327305022229
-2.15940518737569,1.70152362899295,-0.56410152763053,1.03430332367772,2.31464527680488,-1.5986450411494,2.9686326314702,0.568393863498187
1.00069349009326,-0.772603343150749,-0.703497048340511,1.1348249028033,-1.24810127786554,-1.165376383602,0.610541400939512,-1.80103838045576
-0.352801493279468,1.40924595935314,-0.405536206017569,1.77004810545846,-1.07918204957497,-0.239556313449949,0.608842790062334,-0.962390218889931
1.85063530919502,0.635762315040768,-1.39297067095923,0.366569823732947,0.00969791200973347,-0.204866420837997,0.681271450194474,0.0957176054112178
-0.630761238004037,0.511461378772213,0.253547534796138,-3.3159957993467,3.90417784753827,0.75154990320238,1.47141361092751,3.12376700052388
-0.48812529029296,1.80508797574284,0.131968190636493,-0.768543292773263,1.33070657908754,0.710705938495438,0.631004258931049,2.1394240060832
1.14991416165498,1.30791567093065,-0.622606191826737,0.21147158198791,0.83044151132489,0.0582361310204652,0.0569569078570144,-0.058066028192796
-0.767143059977612,1.529541138606,-1.20815511579893,1.33240239866052,-0.0381332133328734,-0.859316192429724,1.54563760862464,-0.918084303790692
-0.358632945700684,1.05276562435565,0.413384652364684,-0.69851547558425,0.457272976499717,0.237744944552374,1.69624936639033,0.556097782040078
0.129131569416699,-0.463734752215893,-0.468648227914892,1.54186797690268,0.351035728730032,-0.490317098537277,1.75078756315638,0.561052711818397
0.453996346804331,-0.802752218859595,0.0425454812186663,-0.179742491713057,0.682703686847943,-0.357576742681232,-0.153752383522788,0.451345735323366
-0.213253743846618,1.47937386234268,-0.756610282195408,1.79440673030093,2.35441714548624,-0.596240031045636,1.80337724234934,2.78058223727267
0.185867475420095,-1.24983385677236,-0.00455433104364722,0.335777114181159,-3.15245885191908,0.290830123495972,-1.44131046393775,-1.12562499404117
0.150315835820523,0.972646898874133,0.628619239417188,-0.803823895309309,-0.164756801476252,-0.361329237526302,0.238539994012431,-0.507589123954867
-0.829861181395714,0.0154955670859355,1.02162904423296,-2.22815592544094,0.343355113248778,1.01039481710164,-0.511792370237516,-1.23417133069851
-1.5554937956809,-0.212681336076686,0.385872465125224,-1.05939991746889,0.768259813184569,0.578877935607509,0.420492224189903,-0.067974009833859
0.545710797780246,2.42924101228185,-0.422608111897555,1.5097447603294,-0.700703403145082,0.639914811281172,-1.6547292630752,-1.55447471549563
0.774274992276174,1.12245181007267,-0.0598780248939562,0.447643011600614,-2.33590253511901,-0.0507047299240519,-1.69905288192403,-0.865803571700549
-1.16345045056708,2.08632819449235,0.0938980376090305,-0.380228895536919,-1.87814895531695,-0.765259534697776,-0.588724390639372,-0.540249032018546
-1.71500776469929,1.35395434843218,-1.17679214284729,2.02015699395943,-0.761356039150357,-0.857472107457696,-0.179759015377538,-0.16334540805483
-1.82117024975157,1.57054046631847,-0.521748422771341,1.41418960081182,0.87253009243559,-0.379756797340275,0.910884183688894,1.04118876968784
0.973241023286888,1.48966275073581,-1.89216363371696,0.355538577342037,2.32175888479332,-1.11744319955734,2.40345849416308,1.26468471250528
-1.59227869571143,-0.222561418507945,-0.340246261018301,0.300476835306303,-1.97149395749707,-0.262601385387732,-1.15457757210371,-1.64558001722175
-1.74184801347666,1.02151554174855,-0.294226385752198,-2.25848387522286,2.36001004301838,-0.476696636970282,0.773601115924089,0.963199274555712
1.04051006050577,1.12374304367222,1.03700717033844,-0.995999399206194,-0.166083664294048,0.0479132307688906,0.425121931948151,0.23316638972054
-1.49125454009458,0.108873657211501,-0.45411945423356,0.402614595966399,0.166024595331556,0.0162017756007341,-0.433974161010284,-0.0780932838737861
-0.724225813596195,0.887903324458153,-1.37168991666159,2.09581933615533,-1.16943443587778,-2.28832839060139,1.55055872389896,-1.68020891664388
-1.09703466713844,-1.5115080911397,-0.0822794079894198,-0.117776873895797,-0.879196978786661,0.0588114132144899,-0.322673020607714,-0.311368386391077
0.759798962864056,-0.715298031036172,0.642716244474549,-3.42985508278812,3.3841994342007,0.734266167070316,0.444565220767586,2.55593267089031
-0.671754735479385,-1.62490066714346,0.113670187978737,-1.08515252832297,0.591262044430431,0.903136726160244,-0.158417673896343,-0.14131597577388
0.219418671016852,-1.31187878869722,-0.100311136802104,1.8040470235646,-3.33534955852437,-0.361852306536213,-1.11858882879525,-2.91207339956754
-0.835743541771093,1.3724871917664,-0.735808102758606,-0.336357948285389,1.04141626318045,0.380217524908268,-1.18331288421152,1.60147189484699
-0.124641576064065,1.13444816337052,1.05764273332145,-2.98148766232725,2.47824490589162,0.345280106909286,1.08729601174063,1.79805629191235
0.899642289764884,-0.358616269149727,-0.703072243803692,1.50834726006608,-1.21983013579418,-1.03249163837409,-0.340716042577607,-0.0729890858230743
1.83238611619191,-3.66063257769638,-0.514547296856457,0.580071845353568,-4.02098371607036,0.687254164654354,-2.69665540425556,-3.50765326817354
-0.463727516089667,1.71167906901079,-0.334140307959766,0.552879702258728,0.694575942920022,-0.239459090150432,0.956035110257712,0.563052007204405
-0.0666369120622547,2.02519581526825,-0.566216904863397,-0.8373668051345,2.44289966886437,-0.530504896808476,1.65498393099789,0.907240621951013
-0.821253987445466,0.209009722511377,0.0261125866921217,0.714859183581647,1.42692822276035,0.22583644778493,0.484265005159902,1.62956920172085
-0.885012791843899,-1.36248723685083,-0.684056881054829,0.0608185227757844,-0.637813125859218,-0.161101692749142,-0.355650116400751,-0.0139959420632875
0.948326635961019,-1.90204796538989,0.984548168672854,-2.17182346114379,1.38389276948938,1.33030196254341,-0.861014032931201,1.7804532410609
-0.544812625158022,-0.727007089485577,0.714990629524512,-1.02359166183405,1.15887216142589,1.15964482392705,0.16083657119496,2.00469581365536
0.205416593646147,-0.425010669718912,-1.20545621792162,2.65606729382556,-2.34511657235954,-0.527534624343416,-0.63519192863848,-2.25695444404794
-0.16184845430325,-0.236169498700039,1.01462951917853,-3.12461028091676,3.45335257386997,1.21158672846182,-0.394333172790217,2.1298519397777
0.489739015624828,0.713330814057928,-0.00919608570159444,2.56596243999657,-2.351453818805,-0.0726438342852331,-0.694877860759968,-0.97072358455035
-1.02253551264474,-0.900829901454705,-0.33799607633893,0.294295739310957,-1.58238531626008,-0.0926422410356011,-0.795926204919195,0.028659788924446
-0.307365245935113,0.0366583732038924,1.17849253280035,-2.69540995313244,1.94996637284619,0.951030564579201,0.552260602698936,1.57743528028488
0.491489189535655,1.58319310275928,0.452667347542809,-1.23164414514355,1.22521300828167,1.41746458261587,-1.07969280441395,-0.429799273743274
