1.29596765567485,0.845377219746198,-0.795709476875859,2.35243994972493,-1.89492414925374,-2.42616587527545,0.936033891100577,-2.13550791548195,-2.9028916583631,-1.28944899011816,0.734768200257038,2.81458323726728,0.347707797558257,-2.93684220673195,2.39240061528225
-0.86110254039026,-0.0223637315867545,-2.27487159401496,0.622874960304335,2.18857671011181,-0.35722012703109,1.45084702461368,0.523844767178555,3.00816104771998,-1.01271331725626,-0.889929822188718,0.28043708665997,-1.8430868720544,-1.14841865895802,0.122326161379746
-0.761474861766497,2.50811808088004,1.41656629422666,-3.3257855647235,1.91959850665412,1.45944972313511,1.12689179748533,0.979088298093041,0.591880286209853,2.03622107706562,-1.08541256070897,0.33229782970026,3.99667507541846,0.128204244379884,-0.160367296200126
-0.313895885863063,-2.61500782519957,-1.70891565079387,2.19276400705573,0.541795301223407,1.29193390186723,-0.708997684186536,1.46961672219721,-1.27725119546917,0.298959104046642,-0.52623526042899,0.630900808928259,-3.53234285858305,1.32800343724238,-1.38024746743783
0.630585801461147,-1.53987858890937,-0.626979953471402,-0.152345760243651,-0.487113555280532,0.691655157465216,-0.474830938163418,1.94798921094515,-1.08098081459495,1.74253426901653,-1.5399207840172,-2.07960406155759,0.424384454920551,1.83753884188773,-0.342307171061882
-0.323378355741311,-0.344047032520652,-0.747913087596689,-0.025231775877126,0.851853197466188,-1.4056475979805,0.604810433493436,-1.71283687904206,-0.0272790110733063,0.305586283362391,0.236405766144079,3.72498109322911,1.20302320186905,-1.62560541303348,1.59484108159975
0.387784559531144,0.490751398913039,1.14009132538608,-2.90395767791281,1.19920436458731,-0.00961639854964704,0.151055322422174,-0.488623171952339,-0.327407878311735,2.24096076381532,-0.64212395063904,2.74880423208092,0.423717638878527,2.01420917007147,-0.540706700380085
-1.37555476884978,-0.342973708546971,-0.339106841238909,1.4254689913945,-0.815913093761595,0.228474372597893,-1.26370264609652,1.45274985754429,-0.851568327811383,1.90349688175311,0.0771559745575965,-2.05138903539312,0.405951088289467,-1.22288959647001,-0.554294055160646
0.302248973453761,1.01412242974347,-1.09749814077233,-3.57754598742808,3.49985951271774,1.79418608757609,0.175044528,1.5856400006836,4.11381742001454,3.69017374704803,0.230805533464478,-0.910217802032725,2.84634182902128,1.41470106180174,-1.42040188926421
0.314445359608442,-0.715303891119796,-0.953618801757677,-0.276376867178504,-0.250645632560545,0.174901223473126,0.3888351434189,-1.36871923607367,1.90437205075377,-1.22494213404525,0.00236602832387875,0.652460183731398,-1.94897182345876,1.53355520473648,0.0401550625028562
1.14538192117389,0.759993438727622,0.237997658729725,-0.0510348321467924,-0.185743611097473,-0.208610016297681,0.581905991493681,0.237659978618208,1.48792283310215,-0.536081943391726,-0.181158676647066,-1.02576102824975,1.20672546395944,0.463044359002374,-1.34532126307812
-0.191441122842678,-1.75594624783614,0.153734435611904,-1.15602435062381,2.72025411935604,-1.71036794241041,1.94181150179458,-0.655916080020496,2.19812647741875,2.92702551240659,0.878030365625983,2.14525660363084,0.420224903145072,2.809452001305,0.81506916321263
0.255813167541649,-1.24734488172092,-1.1439774615729,0.549620552955897,1.12401263318565,1.99261740785787,-1.06058985536066,-0.313694021729197,-0.24901858028742,-0.387030077950753,3.83184279399035,3.47457544650123,-0.113979930190267,1.88332713547943,-0.306001579657964
0.195236775095155,-1.12647649940463,0.532936621554423,2.04378374917218,0.311139036081147,-0.608603351304888,0.580312480354067,-1.35506055279839,-2.70772459179863,-2.02982988647925,2.75421405936901,3.61628308537467,-1.34917644273575,-1.34046619683152,-0.46609245661819
0.337529146128204,1.94961178018745,1.82277673993198,-3.48067368018434,1.41025931425944,-2.44271186288565,2.24478554114709,-1.32527186892549,3.06577988514086,1.85301055215497,-0.722292121887671,0.676179336295369,1.95907567022777,-0.385738644451509,2.84277007300282
-0.204241507886866,-1.72301305060242,-2.85316102819957,4.93088600094343,-3.46810873352271,-0.0593591391528612,-3.15577432251087,0.0987832491984559,-3.62901247190636,-2.83914165278144,0.973684876131639,-1.17248987436922,-1.4953425764968,-1.16614874172766,0.0664605263442344
-0.568110591096816,0.589982362588314,0.121251196331801,-1.4926032629304,1.5065855181362,0.707338893848036,1.18343057170076,-0.750181195125584,0.934841384168578,0.981853815517363,-1.05502641098582,0.000621590852701023,2.11533569447203,-0.689645186097718,-1.52489920526845
0.833295801188181,-1.65634972663761,0.320394135786824,-0.137127320512157,-0.397021235336963,0.831569413328957,-1.13140366611513,3.62430276588178,-0.418236884118063,2.85551625319114,-4.34685668991101,-5.39244399462255,-1.17215578484331,0.839880173036363,-0.17607397159744
-0.0622749833327167,0.876370256331793,-0.892388696353562,-0.591237526104026,1.49068395826511,-2.19735408587181,2.2586692097898,-1.81520807896159,3.61253587971424,0.688738417825995,0.235714642709544,1.31356469525156,0.893377444803953,1.699296484078,1.51398149787449
1.04441395705059,0.342698494412649,0.712171235916901,0.110990397563339,0.2205122832581,-0.0934674578492697,0.947729554452456,1.69929522802182,1.90865740734453,0.898534892761771,0.391963366734516,-1.17726824051195,-0.829891936375835,0.46519907868886,0.39845905707298
1.60108402059962,2.189313484836,4.17815725697601,-3.00925788477189,-0.206562513145311,-2.41618450006099,3.01095645901043,-1.03405768788421,2.03235498552178,3.93876462955125,1.10875023506831,-0.707617848938255,3.99229062850293,-0.955460717277444,-0.759075373694077
-0.349472928856909,-3.2027503572016,-0.515831415992172,2.04362597140404,-1.85850477473369,-0.709989432991812,-0.348402708793707,0.307066248643341,-0.617359525200538,-0.90372289715235,1.0243742747002,-1.60316092490596,-3.60103313613286,3.84545435189935,-0.0374061862205678
1.57041428854779,0.941168240296749,0.660580035990304,-2.92807098648867,0.42084676640014,-1.21309572825308,1.74015700198776,-0.107157512243008,1.21820580512347,2.82007009648813,0.0470216411347763,-1.61527179382884,4.25613729481783,-0.660964878592608,-0.476857417058495
-1.45330758294089,0.810438164504628,1.38562110358903,-3.06930162332919,3.11942040487348,-0.433946931568406,1.02106014049596,0.943617080638028,3.26852547711738,3.3605048998168,0.02570581574391,-1.19160903442854,2.84638865091292,0.949439886420822,0.466178260578299
-1.30721968770813,-0.519366118178083,-1.85186508193678,0.532136202448237,2.14234267738972,1.22150891922071,-0.262779281112052,1.60029614728521,0.7281250119604,0.730695690260729,-1.80672842285387,1.09465324228456,-0.614480648620957,-2.26443484182349,-0.790430064043539
-1.02645126841666,-4.30340931345626,-3.80560280817999,5.63766592140064,-0.435236342313671,-0.428802748920005,0.579931157030518,1.89082161667678,-1.66086416914736,-3.06911759330847,-0.412048212480052,-1.98571180005297,-6.93666659244277,3.42341354538836,-0.730407046435578
1.12234920651635,0.68954199194233,1.05961263509172,-1.68284731131385,-1.95873513531446,0.640626942077062,-1.80742524465703,0.209348463084761,-0.810058590335636,1.76703914135444,0.573927676436422,0.0367332297791281,3.60547986094064,-0.592002051166792,-1.79916080365709
-0.186922135073689,-0.660094404932099,-0.743532765582687,0.979433815120625,-0.885167008003412,-2.17125864934776,0.276761506490516,-3.6786425947031,0.106191884632963,-1.78185668197128,2.44867587390187,1.56098052109934,-1.44163562003835,-0.917268355757365,0.84015680635902
-0.748087289948663,0.429984045165028,0.933702876382133,-0.743481815886725,0.34653302042296,-1.60049972588881,3.25911760230995,-1.23808492248969,2.27980331011812,1.18461073924292,3.07236351132755,0.804870228903487,-0.484833429223028,-1.87691103423299,0.386865061313764
-0.258166129106563,-0.444775423024579,-2.18985804784437,0.228070813359057,0.464628698804625,-1.29114123418575,1.85989836609755,-0.926460549042847,3.43200912499976,-0.39762502867381,0.478665940471057,-3.2762030394972,-2.02098564880531,0.624861400906239,-0.0415918949480465
-0.931038380840267,1.37906185413606,-1.03953623517105,-1.85278469859066,0.154948058345542,0.0174610695790976,-0.131390866343893,0.225647390457528,2.53487809707723,0.194264784334203,0.744237432048314,-2.19626202004838,0.514379290617924,-0.60434058511264,-0.936866946028515
-0.60233325142746,-0.295108201454552,-0.964242470548354,-0.59834908492412,2.70951116745905,1.17095374212899,1.48140755790626,-0.408162088323195,1.0859545180682,0.291554329756514,-0.422286895681193,1.9378349679818,-1.00087729136851,1.84132222691575,-1.24514048247074
0.952898846333694,-0.429622934062873,-1.25971907328493,-0.611277577244005,1.01173343189058,-1.97040138120598,3.06189687539276,-0.358018239021219,5.15429868874839,0.455400940703545,0.382487748926385,-1.71615614605214,-0.252924463947967,0.568100435009408,-0.0697818642138012
0.0799676766481155,-1.69519059106882,-0.530954687052851,0.996093561186543,-1.17764779250061,0.517318451245704,-0.201484795559743,0.281384226417329,0.578283009706294,1.75803714022925,1.13822673241053,-1.50858874934367,-1.59554057150557,3.10963602927501,-0.0673076274713065
-1.35642803614685,-1.58585649432652,-3.37886230627397,1.99828828995291,0.64274591402096,-0.271576208022172,2.19545102655191,-0.0235902476534614,0.610310191066,-2.29237319997436,-2.12574075113336,0.0136969988511875,-2.77449660507839,-1.20949145966867,0.640678396295413
0.671587031328403,0.137834299720974,-0.712269554044095,1.98567490622602,-1.56510917747842,-0.525736888210161,-0.255399943876142,-0.572344884742215,-1.28576227648909,-0.447689214213119,-0.839285278503484,-0.552084340502052,0.24474805244874,-2.34366334279226,0.524230298832167
-0.460181220048301,-1.34096403275327,-2.01792664747023,2.30392269113416,-2.07498822799353,1.60586463060596,-4.55322579331843,1.65932101183287,-5.6527387328466,0.979348164177202,-1.46420362688529,0.644107416695778,-0.0711072756359766,-2.15380696967616,-0.94937500844155
-0.622375431695278,-1.45028740763463,-2.23074932819549,0.300528491213356,0.258660569113881,-0.0345261752816732,1.19120872619461,-0.514089865905085,-0.818273521400695,-2.59968970268121,-0.067090230250643,2.54369508666096,-2.91058348919109,1.6138855142167,-0.260744338528666
1.14577668778835,-1.7456309246385,-2.20674278560922,1.2615642522107,0.854412134209895,-0.62765579448595,0.79147129202563,-0.607228781130827,0.770268967126593,-1.77345559129473,0.67390751737676,-0.70369472262827,-2.28633095502818,1.129498688301,-0.823762572468854
-1.12294621530914,-1.05805458727236,-2.96684874585085,0.85939791546144,1.34552836265778,-1.03847203155643,1.16191854652182,-1.99943167171502,1.79758019994078,-1.61137981068639,1.93541502536084,3.22642585536546,-1.04788910826559,-0.73607143533108,1.41073498549823
0.289074647809717,-1.06963131315022,0.928979031992172,0.283068416925184,-0.63465516917779,0.349675529779354,-1.45389722489178,0.892166430934512,-0.825102968126643,1.28621372221298,-1.19069364300917,2.00916981923574,-1.09430638602013,0.759641618267746,-2.33887189318179
-0.252564768069683,-0.096478656473871,0.264351707058724,2.70507120624638,-2.42914646104559,0.528338242457599,-4.43040482988812,-0.0134425649483379,-6.18714670391304,-0.668601322656054,-0.966205736913939,1.72202191492754,-1.20313692006962,-1.19184989100175,-0.789834951647854
0.833850454281168,1.0486527879054,-0.553599391041465,1.11464145709761,-1.76029880787362,-0.527554158830471,-1.42191902791413,-0.677466068547213,-3.7320784991044,-0.0616740423211816,0.422691307827524,-1.02988994853797,0.106000149189202,-1.16794087736143,-1.04840801662485
0.392065925651865,0.975196963611229,1.40477268300143,-4.03849901739955,1.59683539943558,-1.21742135060336,2.0611772784129,-0.0478108238997662,2.92445526202326,2.8522293097294,0.263263510718808,-1.98452230101551,2.16658850402936,1.29909811470238,0.00693804073869631
1.08918784845396,0.997260179922718,0.908435086526882,-1.39491168881029,2.30460806600185,1.1709400198682,-1.12177055783471,0.457708893411801,-0.529742173025172,-0.42564832764126,-0.0554513802640618,-0.443417918957254,2.9211940294984,-1.09126058754164,-0.829482998486333
-0.647095762446025,1.57629226358163,4.40253742222599,-5.80782029611262,1.5526768116608,-0.515625172905023,1.0948635565683,0.113035401759994,0.767349808439094,3.36335189289171,-0.0968811257946747,0.101008219816379,2.58451907849819,2.65473343732102,-0.541215012374686
-0.254012579448509,-0.997713760405467,0.0482163019838939,-0.116306916183453,-1.2909578312351,0.806723569570524,-1.68297343917127,0.487722305747456,-0.509358980808062,-0.201143462430372,-1.01322477335702,-0.53511024323676,0.400896120382745,0.544576430797006,-0.204095147171775
-0.0148241132230093,0.874587542712492,-1.18397935438687,-0.511150379751984,-0.168139246183548,1.10228991773133,-0.679701834005461,0.652506166505291,-0.723524253454222,0.268562148799131,-0.380797677261276,-0.77276037972498,-0.0652599905845795,1.26268470893624,-0.697180432869913
1.47416498117854,-0.952158528490709,2.41359387839541,-0.679978176599428,-1.44297828540833,-2.89153171822767,0.268701140322851,-3.50063412763836,-1.0610237593275,-0.300365924335976,4.7680157015442,2.50844866034086,-0.362432107740622,1.21660584325825,0.894516885405298
-0.683730729524607,1.1734068555144,-0.218675978113892,2.02650111935343,-1.19774740299667,-0.060459386287712,-1.64937414730993,-1.84572051356046,-2.76595074389515,-1.81059493246563,3.56175997983451,1.52918722506282,-1.71771178595268,-0.5444969003806,1.84143064081725
-2.89809113578022,-1.18148374582287,-2.5604550054923,2.68169001313471,-2.03633256306197,0.305001210656447,-0.481703003469084,0.776430223539327,-1.55386577761235,1.13732479120214,0.0837263896166728,-1.11605371249268,0.315445961730122,-1.1936899451259,-0.015144247754109
0.408265535254053,1.13018064050348,0.92783813730413,-3.47675609332533,1.25879219017991,-0.580011221983176,1.04473621007873,1.2422232811362,4.80606428537608,2.51742289071497,-0.712981092254249,-2.12099466946937,3.11159305778099,1.01235859690273,1.40095026213519
0.356734163939476,0.0458560641270299,-1.96305508102592,0.870104241069491,-0.198165624492845,0.980259759472841,-0.944465298793107,2.33443727696692,-2.59488903309798,0.0529633251782387,1.53930051593498,-0.148463400679513,0.899674046956599,-2.45035149444987,-0.320096738020584
0.912109565644469,0.573825651990893,0.661260639823719,-2.70858505478083,1.31206883567853,2.24050596245592,-1.04715951242669,3.57383705973793,2.56129101234753,2.37418485961698,-0.848461845146186,-4.73699357620092,1.28543312336699,-0.637754356263938,-2.28577871065052
0.186097867339234,0.149550642004594,-1.16417693058058,1.57540184716671,-0.0538232574151743,1.28917105405475,-1.99661881400321,0.281693889457926,-4.89340168076012,-1.01614406863906,-0.474944912455596,4.77715923416765,2.41541597775162,-3.49120663930073,-2.26386209436208
1.98735687794726,-2.86449924651963,1.41530439793599,2.0099681559414,-3.47826297347187,-0.586266856055493,-4.19887871868031,-0.548539896335367,-5.21116902000048,-0.831130915858044,0.957890273395941,0.77796332233192,-1.96823320566403,1.09908190941937,-1.33881272970176
0.163095407768949,-1.283857433055,-1.81505169693511,1.90420243765269,0.53287959488985,-0.657625045208148,0.44661758189124,1.86391909462583,-0.0310961232863888,-0.641039652513565,-0.691946045838842,-2.40688176896712,0.168537407112009,-2.23085968793661,-0.0575436129930766
1.1581210063912,0.712707953079496,1.73995847107956,0.154707921198481,-0.0221330250649328,0.857299175345526,1.9185592405321,1.92822307560593,1.40245474878403,2.43466203319494,0.774490917534951,-1.51860171091453,1.97631808569565,-2.54263631235381,-1.50990933435248
-0.40673624056745,0.588096234782674,1.89269811527683,-2.96661082681372,0.325520122340787,-0.58820613857903,1.27661616795019,-1.11076501503409,1.68979529080791,1.34365615779859,-0.00559254962708999,0.268293821328901,1.343438472983,1.31777996537704,-0.609112858533594
-0.0163195542836968,3.08551994491004,1.02782571613774,-2.44145419938177,2.09160157015048,-0.02151145903401,0.228718246048417,1.04870232217023,1.41705615719774,2.94005182280524,0.186639143452865,1.36334016006776,4.2839825994791,-2.67563498339502,1.18749410332
-0.947418993271608,-2.65605282714105,0.543849135425231,2.81009014326443,-2.9082489684626,1.47378551254136,-2.70907347436697,2.37596747515723,-5.4567110676805,0.658917266545884,-0.546330157454254,-1.68019002820786,-1.74830301023035,-1.5302377485903,0.206545028074696
1.17191924712749,1.88067338490992,3.03813704352844,-3.04886618586796,2.1694626507518,-1.20927432659353,2.242364727453,0.232172910500918,3.18382318190151,2.32410539581862,-1.53697376374607,-0.680259466235603,2.77351262678026,-0.872256179836777,1.10878136422307
0.203937058471702,-0.641259367291589,-1.78107379185462,2.32655461427483,0.163739323001371,-1.08048797278508,2.22955019715539,-2.31658655618228,-0.981060224632128,-1.32880713123328,1.38401180763202,2.2282473016959,-1.10883387748724,-0.332483810267526,0.534896288457215
0.20673285193725,-1.90150448726709,1.36144434218117,0.172845325878228,1.10848728463373,1.80451168219371,-0.791379728843276,0.564031044252939,-0.320281070257458,1.74392246632627,-0.341560396559502,1.20328200407156,1.02190461319409,1.08094548500673,-0.0187845728370853
-1.08268005153407,0.81897019898027,-0.457779597820832,-0.742300953637767,-1.96641930076877,-1.0575078888901,-0.317506893007173,0.258895237765711,0.840865086182171,1.61143880513773,-1.56995888498095,-2.26804569817486,2.08667323363173,-0.177640863236258,2.07095753630227
-0.802243280644824,-1.8022350851827,-2.04493835527222,1.88694121463022,-0.636507831430842,-0.235973278117649,0.636865756494562,-1.12748537865214,1.1885070733241,-2.21274239333523,-0.768067370577498,-1.08622487802459,-2.84814835788183,1.4960545253501,-1.5808550622612
1.28439799404107,-1.48545818712091,-1.11383867457575,3.02306886472265,-1.76545155148915,0.302043156857445,-2.61101782716801,-1.53455399563441,-2.35878539992548,-2.51449495080573,2.47678287596688,2.26608890374807,-4.56514748429847,1.82516541830495,-0.0558233696294584
-1.4971810334932,-0.722712666479829,-1.33019259822324,2.38012368362744,-0.501806542384218,-0.0928594695283277,0.0635855532697461,-0.543841473667659,1.16414480412299,-0.769318667819022,-0.28443361709723,-1.15501125531084,-1.10738493590836,-0.105104167383224,-0.789067227008693
-3.36280346709815,0.940907142587601,-2.00980715802634,-0.556264517653072,-0.152867760230634,-0.0430534495371494,-1.24124368340567,-1.32842651369366,0.64637248214843,-0.823009248712005,0.0783492840614223,0.586119637267433,1.78385225588958,-0.129054623832387,-0.33770953094346
1.04972477860794,-1.81209975605731,0.499047930876778,0.323364287015477,-1.64941072370101,-1.12967922879793,-0.394095953841809,-2.45270572911967,-1.03029767043739,-2.21414774772268,-0.85622162192118,-1.96846536932607,-2.8892524863267,2.70489727484243,0.0790428833926621
0.625863965674574,-1.04760288783853,-0.872326915788438,1.17094093252536,-0.169391780081099,-1.40621663018764,-0.195413721982503,-1.52094098052392,-1.90715542846687,-1.55872749607488,1.93946637905169,1.07549312375566,-1.79884731016891,2.03037918848341,0.485854111983046
-1.10708753021853,0.978366339930466,-1.10708047811323,0.655972806775564,0.785660141098989,-0.914582097750517,2.58048310657148,0.591257545670396,0.820356250271531,-0.20771979617226,-1.17676414782772,0.520543004790984,0.765836785987713,-2.01051353808334,-0.126457344626731
-1.0236113497666,-1.42723967726838,0.135258066521257,-0.238777205834053,-0.342723525355458,-0.304886838439833,1.57264738245968,-1.02672672609859,1.54778001869274,-1.58559460627894,-0.190662548662489,-0.614536146779938,-2.19799882412897,2.53558939312616,-1.32603436578582
1.03811147550152,1.7354350224049,0.37396362913665,-0.754107478533873,0.373484893304097,-2.57406727043694,1.61327182007047,-2.49561108604381,-0.180166393068435,-0.599921550964768,-0.479778058764394,2.79429816977124,1.63143711273699,0.00733404822017245,1.52438281977349
0.200333164904096,-0.686337954122245,0.445525665307685,-0.638097609889908,0.332304771164867,1.52291281577589,-0.987227160852891,1.66920926566428,-1.60136211207579,0.678013438094852,-0.728756548508103,1.4614257729954,1.23465763346844,1.61578304398708,-1.00631416505199
0.0820715846657128,-1.21009633517946,-0.185275637009731,1.21555852411518,-0.922876787194933,0.720942146756904,-0.671507298420415,-0.186312674788504,-2.01298302090028,-0.734967414872913,1.62970441292532,1.53078231428712,-1.24896781866398,2.87737659058089,-0.65373916920097
-1.43410641943824,0.413907406463947,-0.804598262800349,-1.80827743677846,2.67376438692551,-1.64089310649953,2.06973793388665,-0.917520613056067,3.95463704849466,0.989822563008782,0.134601618389415,0.483407321496536,0.801692045115395,1.55928227623611,2.02889015210945
1.85839296508168,-0.939237813278161,1.04606826722592,-0.814763181124968,-0.251918821948163,-0.62686945444269,1.8652684808108,0.501794680990532,2.03904391485935,1.43929582957086,-0.554797238656282,-2.30248426991823,0.558855156602028,0.770811514805994,-0.508725961413233
1.13310976193161,-0.356178652215483,0.424305766511226,-2.57535847169452,0.294238445506624,-2.19615617536486,1.61214916698166,-1.90580260042232,4.81830856942295,-0.261628657289627,0.0265215356270732,-2.7852709493363,-1.46042678689848,2.66031032137317,0.929392185987109
0.21053481353025,-2.1945893958728,-0.192504946096635,2.15923675709898,-1.18206325417694,1.45806905768041,-2.52870423168976,2.05161960527482,-2.54309023957355,-0.656930235612582,-0.0800840274729604,-2.33712942735027,-3.06262419682946,0.806339453056347,-0.944381596362075
0.62881787408674,0.811959514471541,-0.370362167505677,-1.21635283651961,0.961545633647526,-1.98687425935348,1.47248276120872,-2.43483237208751,3.47523374168562,-0.126366204260413,1.75845624510942,-0.221166109115529,1.15853978792574,0.578692134439517,1.11634770599632
0.910763644496498,-0.536584986574208,-1.78534251968563,4.89367260708326,-3.31899768554988,-3.440062902121,1.86376340962482,-3.74474674436462,1.34509590493839,-7.10019722182421,2.11386698059308,0.633546002445818,-3.19782880926732,-1.95074139604245,0.557349063527461
-0.587423234541201,-1.20383698774517,-2.94728189830381,3.27293142068992,0.621810009734088,-1.34237025351058,2.00187887210106,0.472607936943768,1.62023021170795,-0.529252211110659,0.554410103375768,-1.88737140820827,-2.66881091697573,1.21353385103841,1.65043769766143
0.853365525318333,-2.48150845560218,-1.06914220483484,2.28629309893479,0.137457007487323,1.12475924567762,-1.07316646559865,-0.598606537192587,-0.147198997321762,-2.73511762813637,1.33827138330423,-0.394400153998128,-4.69992840285367,3.36505244133996,-0.72706279793563
0.37594669929609,-0.866585769010632,-1.15946964213577,3.58258772454752,-0.200850683842382,1.04158586738256,-2.49641809895731,-0.0987301491158616,-4.0077447966701,-2.74397260346515,-0.257714539775272,1.51317033274492,-5.10574770912027,1.1493599270082,-1.50423848943247
1.59654000406165,0.445712933384445,2.55234252785486,-3.63074968565355,1.08076403991586,0.238876685592556,-0.086534816954871,2.64419478753164,1.43070799289375,4.19272689962052,-0.128530183283001,-4.75956347273178,3.39371082910263,-0.480019697840567,0.86856344071302
1.88525038057858,1.45993803274729,0.343164255218471,0.938120051145046,-1.15086227536342,1.81581834886524,-2.13928877937816,0.949043969793416,-1.97657989690019,-0.463823548910844,0.649521949135503,0.727719826024177,-0.452238081033435,1.34306020458551,-1.70639316267081
0.990332119546504,-0.627721102797375,-0.781059966187698,-0.151820611405515,1.6340260707976,2.43215507268611,-2.01892943092241,1.46764999422959,-2.01259062644565,-0.45370858401429,-1.57865723409248,0.106772004417096,1.22042455919704,-0.37687131826314,-2.44545289099684
-0.26271821421935,0.970776540159023,1.43897983885717,1.22164724782696,-0.713898029161925,1.05571894227719,-0.0695990143702014,0.796551712798455,-2.20039732997337,0.0139092375084218,-0.850778953721188,0.486132963262715,0.158572143263517,-2.03089693940658,-0.963908898724139
1.04021627119445,0.563098589215503,1.54581132879502,-0.0157416662386785,-0.179418725309957,-0.684592069377862,0.799087692273795,0.019906997978652,0.709212737688311,0.104018675221622,1.70337559493696,-1.95769834481078,0.380755764669658,0.466217899163191,1.39436494432477
-0.222406878312609,-0.279524024378383,-0.282580089528833,-2.23804140827918,2.57570504996478,1.73148730067385,0.61305927024923,1.84865757678801,4.9834536189011,1.49097441944177,0.550968847090938,-5.57467342983972,1.27834779006194,1.76353194556538,-0.838623463031822
-1.70611447621883,2.3718166020714,1.36297333847754,-1.74317308069759,1.91280401648039,0.630975023262575,1.72664017248998,0.987121153826413,2.96212639370576,1.9060577260407,-0.375865714504244,-2.72006500551869,2.74059255163556,-2.10257139944979,0.947157979510438
-0.0629889772762895,-0.577863575995891,-1.98951316194593,2.14535159960156,-0.722181448777857,1.40459712312807,-1.18422470147108,1.53818883256485,-3.89813156279642,1.08188116398161,-1.44766889866129,1.41787098630666,-1.02159679514491,0.270119368037861,-1.38476434681157
0.342418940464206,-1.32594763152137,-0.999142083722236,2.91162831101533,-2.02191564709467,-0.320119450654591,-0.984168973160348,0.652280902784944,-3.15439281837752,-1.91915072960358,1.26203111978016,-0.266948728243186,-0.103584309801202,-3.20114712113174,-0.289415359981813
1.51368153001215,-0.0289863186651933,0.516937441328333,2.19772956775767,-2.61963844988588,-2.37588976507814,0.971338885076114,-2.08782977613687,-3.17654626918234,-4.05173012960048,1.8354104248212,1.21703916025709,-2.72123351173042,0.878834290348102,1.73744113314431
-0.454047234469501,-0.0205185174698424,0.555906452861695,-0.112268005152295,-1.34732619872321,2.6821230540572,-2.23393700695494,1.35138597504405,-5.06492976299452,-0.791638677067106,-0.0103946604495173,2.27379761784258,-1.3291416084693,2.73807507650246,-2.91643793506933
-1.2603708943875,2.32219733824602,0.137960481994926,-2.54285310944661,2.89702072246473,0.475619748461891,0.364918316548189,1.524003922478,2.15244997851768,4.64222634873628,-2.14531247400233,-1.16362416975666,4.26912100015885,-0.803822790505195,0.0288247380518877
-0.391247446905002,1.08971290290419,2.4612063437559,-0.0247002310992783,-1.75726322109217,-1.03668528992695,-0.302649197133092,0.519060279029423,-2.29007890934428,1.29793499478222,-1.21628578485039,-1.57383867511051,1.01942897474852,0.280097345287135,0.0916882610482539
-0.466506339941084,0.175518986641996,-0.14594511037274,0.366218882677319,-0.104367724173948,0.429308317093807,-1.40541128973809,0.452722098481273,-2.81274461775664,-1.05452212110772,-0.300308201282596,1.73834904021318,-1.26547348900463,1.31412050674638,-1.30259119244661
0.14244790509991,-0.606544659033999,-0.715358964743179,0.101752866661676,-1.35001413685637,-0.755812874217864,-0.492079431424569,-0.122691529947571,-0.324168434384344,-1.04118147260729,2.50376962061865,1.48668401901433,-1.7956994286572,-0.271625240280137,1.4905201764565
0.0977676433549645,0.195769864803494,0.84794350472741,-1.53908065816172,0.0651229281321087,-0.708556392513379,2.33139880606852,-0.551240672908006,2.41481745413743,0.400002076797598,0.900824558471871,-2.03367374110891,1.94902239495805,0.526450715050482,-0.0859049378779073
-1.27061096275454,0.605486864976801,-2.24412828184069,-0.188644031555463,0.598821562467741,0.978761862602311,-0.252307110317105,2.93442046125656,-0.463955273028469,2.4730289635765,-1.80414660556952,-1.06450743845597,1.12007497656874,-0.560896284885133,-0.347677442835302
-0.194129451647421,0.673446753278072,3.83986469064098,-0.315939644505002,-2.03659351622799,0.32771006218956,-1.35725182870626,0.92463560371422,-3.48392235611124,0.722393872379723,-0.375735154029232,0.7397489618782,0.733306384853028,-0.439951196325839,0.0989111216771228
-3.36031864655331,-2.40610100704627,-1.98135434893409,0.917082102814923,0.0342616658047134,0.130778061290292,-0.489804185060355,0.921678237018034,-0.769598042202943,-0.00556203333934169,-1.79024733003935,-2.28845444901732,-2.28407558533877,2.53564880539023,-0.425688612339473
-0.0504956903292382,-1.03593798844033,0.318568931820277,1.68260487036805,-2.11982733487715,0.52125924835502,-0.829816929423445,1.73890734330586,-2.03296732642298,-0.347206688151028,0.691811269475756,-0.724185789573321,-0.605500182885099,-0.33381232877085,-0.696383073668214
-0.803667600131374,0.614047131767734,0.777412102900482,-1.73726145965097,1.68492080946765,-2.75995380359062,4.90534322648518,-1.28892344475417,5.76339985241884,0.567812581123555,-0.545883111822352,-1.34689924406297,3.07403226884641,0.519495262273549,1.52932666940386
1.85872808698468,-1.00879350417508,-0.174904926072323,-2.31997709002828,0.301938386863524,-1.36441168288307,2.04977102960138,-0.482168784874068,1.81965754081842,1.96762107283381,1.11767700370619,0.30615025761558,0.917172860470482,4.15765895761667,0.65495475091763
0.952880883990761,1.36002235080656,1.12961765788013,-2.43677373602504,1.40322346824821,0.141997639691683,1.72459789800815,1.70696474507764,3.22251887590688,2.72705832872879,1.33526736436694,-5.30720041188224,4.17124862061655,-0.683495262492323,1.09148961087401
-1.11460766850106,-0.584076756810878,-1.03147993969938,1.44589257374657,0.671706457937771,-0.139242845895175,0.213575088630964,0.938450550968809,-0.0893482082683051,-1.91857608260714,0.616911633249606,-1.48929086120518,-0.586497859378238,-1.45117323015396,1.63576355820346
-0.0707520278044421,-0.997115812763656,-1.44014447131673,1.36418026300746,0.847426529247965,-0.161445742668466,1.78854692756724,-1.19043972157852,1.46914357007351,-3.50597701784881,1.11417943545921,0.144516091144434,-1.00932140698131,-1.12067965591191,0.624931928149602
-0.694120323135366,-0.19813763508309,-1.42704222579488,1.78545851189009,-0.714336705998412,1.86832808231745,-1.86066163650338,2.20856608504737,-2.61647115940707,-0.277251384449328,-0.526827762959648,-0.416894030017093,-0.956076303030446,0.256522835902902,-1.68343115627826
-0.199676514755408,0.88089259965746,-0.884085203400249,-0.105286068597116,-0.0339437509914115,0.0159162448819251,-1.15766007657049,0.969371947442846,-1.76068821145803,-0.750853595802516,-0.394362077298876,-0.576660369343499,1.11908308432602,-0.688057381043282,-1.5661043221758
2.55413811291498,-1.26827916431351,0.740573128131487,-1.29759327714943,1.71326248481463,1.32879457114678,0.679566258653282,0.454529527193315,-0.522710157407933,1.91760033789802,1.63402474876689,1.32543578132569,0.696876002461532,0.542055310908372,0.775345950250902
-0.695557958371369,1.31978328922173,1.26192891911578,-2.72086950053254,-0.00445851771660373,0.198895869042867,1.11403417906113,1.76585377853001,1.88148767104189,1.74978429890837,-0.914904236502299,-1.39516271062399,2.96570646751075,0.290843335771248,-1.74992491806117
-0.039802795931581,1.23208318621365,2.96237744771505,-1.78235871872754,-0.084552563279935,0.370714469001661,-0.244428539327898,2.27196610155727,-1.68378922482191,2.24638756480529,-1.28851310041164,-2.70915739481551,0.596003276288642,-0.978203538290976,1.07425248349645
-0.314893351727735,1.23552107159728,-0.0440206759761855,-1.21127870635362,0.106289851287,-0.339528309461309,-0.133807493651568,-0.0840063889757418,1.1992387405128,-0.0112775907760742,-0.805620913719786,-0.477059889138268,0.45115671288166,-0.380609888151419,-0.754831268861523
0.975592075918836,1.32780192432712,0.337527660742418,-2.47394228080489,1.75613389749511,-1.989111007488,2.37712616007292,-1.33016821024157,2.78565386003228,0.00565288152483397,-0.0208115192318597,0.676939596789005,0.91850521250224,1.73068070631011,1.45504987109404
0.966035024667328,-0.620986266139706,1.09034387614402,-2.69256942429083,1.13921457985409,0.514186324236652,0.545211712694117,1.23871338596599,2.47927219918472,2.68242616265631,0.474979859538951,-0.272199780718495,0.391460715260083,1.84820165489818,0.541647087759016
0.814682883731762,-0.571209884693747,-0.779646615443694,0.698770888496762,1.24614958501692,-0.360383513398256,-0.0752023151414518,-0.0936478011829261,-0.9165394252005,1.45530936677697,1.90505964503935,0.761389218858825,1.64378696565133,-1.59776888524503,0.98828210324523
0.883928425845909,1.36913066802361,-0.0475392891430749,1.20562996499961,-0.496260391130593,0.457375293251023,-1.41984647520855,0.0434386610727381,-1.96383788252705,-2.09851785084897,0.680557790627688,1.06462713727842,-0.730746332231409,-1.06066003839096,-0.108160590714978
0.20201697508794,1.25762299211729,1.78475615226735,-2.57479586790109,0.203426380161331,-0.921802858462435,0.0576637569023996,-0.42469031618336,0.766657680658493,2.06706696376021,0.179919680947186,-0.152029270522933,3.55278538376614,-1.65758954967561,0.405241912638455
0.66479627244645,-0.940493260349091,-0.818206947913036,-0.0678764897880278,-0.415806384000111,-2.01454339814424,0.768097518363718,-1.26541351551553,3.94359622740405,-1.41020071725475,-1.79668764420499,0.702977689736062,-1.99356815614282,1.65420996065328,1.65457099415683
0.272437513811871,1.20740381031552,0.116865732513409,-2.39646222011073,2.31717345551183,-1.73037255564047,3.11827181138883,-0.757749948144839,5.61980888586872,0.662470921595661,2.62363957632379,-0.197572880053864,0.376379836538641,2.46155525844164,2.33300094484421
-1.13101375667134,-0.0786561648122892,-1.43688379080466,1.69882910270108,1.01021852526761,0.610915888096373,0.297970228585897,2.20629897750575,-0.885122647192111,1.11724619815609,0.0645881262280906,0.616719948965725,-1.51209300462057,-0.445109866048585,-1.88175926812511
-0.238461410330758,0.756062540984313,-0.664511725144951,2.57052912143787,-1.88903743278845,-0.975521074131241,-0.355756142544338,1.20794805481666,-3.8771092589824,0.199409545131374,-2.06481058277994,-0.658298943630434,-0.514091605188734,-0.709355926887214,1.9834133089736
0.0584090345196251,0.87545733002599,-1.82039328297549,-0.740726460953545,-0.438206560478004,1.20883629670235,-1.12858867022987,1.08196697292362,2.74403727995831,0.212147658841369,-3.44045420960331,-3.63144198191719,1.08205339484986,1.07383556253521,-0.475225355666597
0.252383574819043,-0.882426457577943,-0.939288725637967,0.930355635098597,-0.331574569687322,1.03567992752062,-0.359460857263565,0.620492063024531,-0.124549903507613,-1.1902048796656,1.32552536810725,-1.82202841751401,-2.64310954423698,1.68092234584911,-0.536476002673019
2.67408624753726,1.01098125922132,3.28276713013802,-1.2249515921876,-1.73656508334143,0.092399279800604,-0.86369067729244,0.746124053016161,-0.43219002758799,0.456678075683071,-0.998753351382828,-2.39441603673368,3.30202309312268,-0.523352879503322,-0.862709184881913
-0.771168295011444,-3.56988329632739,-2.47898741314063,3.11765983131165,-2.32146020795511,0.251697573676931,-0.713005570785726,0.100848835616942,-0.623008932028857,-3.1062643720109,0.700197020993977,-2.45284912746405,-3.57161091854834,3.4825087346388,-0.0623351608206117
-1.72191095869387,-1.85493507152628,-3.30115427567965,4.02762844146177,0.317566638969212,-1.85062174162264,1.20135177100632,0.377580952552063,0.101755055370947,-4.55987741129334,0.0209987064477435,-0.137685975764599,-5.70640205900748,2.25684825760673,0.782167389690469
-0.0113358117594929,-0.510139321780799,-1.45778767561764,-0.3311020601803,1.71735148850743,-0.0364234822791485,2.01137375891674,-0.293796102953048,3.7519379270647,-0.257484807966946,0.346953538677044,-0.558432125943214,-0.266653909876745,1.69537910870494,-0.0702206781607396
0.314082454251757,0.41786053928192,2.80822527832331,0.0465357312642532,-0.961637781264059,-1.09242186992217,2.14580414524202,2.21886822601341,-0.387476440462799,0.788862739200311,0.0777398737746396,-2.09066172632673,0.00697008817808017,0.789197628333475,-1.85690475758733
0.119914481477756,0.799362643770386,1.29657314562096,-0.986539433399558,-1.32701125461112,-1.63642512952608,1.56172525487592,-1.3363587551249,0.809848178462493,2.17821238512348,1.4184302554997,1.40296841597118,2.97720336746842,-0.541318935805356,-0.399425581075865
-1.84993335271522,-1.13837411683725,-2.72756270883997,2.83997600308597,-0.323899123047594,1.18019981529802,-2.12029972815588,0.844000770265249,-3.95824801624383,-3.06220423403358,-0.866345893421703,3.55522483965033,-2.76063205077264,-1.60941740298561,0.0282238043504711
1.65748371572279,0.878856634443007,0.868050500778241,-2.12290822999637,1.09546103564924,-0.430316792110904,0.775494701842055,-1.12261324235983,3.59345168745474,1.15500687792658,-0.687838133219039,-0.290760043091269,0.53903229544199,1.87473311047713,0.731174756810361
-0.15848768054307,1.5998854212547,-0.442800913477999,-1.05121777362347,1.77984565854954,-0.0436234419351569,0.31881101808992,2.12491495473367,1.39275030478846,2.44452163255805,1.44079794501451,-0.493725190632875,3.52949252641643,-1.60867011456672,-0.21381009409666
0.737167798378858,-0.00756721825410993,-1.46292241009276,-0.422901437104489,-0.13316133443856,0.0877836904126062,0.954470107354757,1.41121026042754,3.49552751112445,2.21865931267632,-1.73329457151499,-4.98301333295139,1.57676117319842,0.935483835111605,1.28698701559638
-2.04472574066013,0.089836671722797,-1.0095791031572,-0.985634083545836,1.80442534934621,0.572549385966899,0.616703270372987,0.605316330783685,1.02992979191822,1.96338500404348,-0.351144193235556,-0.431548890847876,1.92429402917613,1.86614718551481,-0.262902395468982
1.38320971642149,4.00364697501805,4.21835950792848,-4.76747459303135,0.801778595874757,-2.5602845197817,1.40338513262746,-1.52743674650484,1.26214214227163,2.36396206042033,1.76592349702454,1.87935596613159,4.13994404193168,-0.171792672062074,1.72211277026332
0.037154053978014,-0.145966716411031,-1.07256087749453,3.35136724168776,-2.48084113094884,-2.2387166243926,-0.268703166894689,-1.03319604108903,-2.94104074541525,-2.5320931810541,1.12014160256409,0.419674294660827,-0.977387210156022,-3.16305932786038,1.48747288608458
-1.43683972366395,-0.397023048010377,-0.098574666243076,0.397934485254239,-1.52636472169377,1.79548274042715,-3.25016569898788,1.20355704479118,-0.530554275862561,0.155649531073334,0.0483561410521353,-1.23661012595078,-0.834205175644683,0.522830234827497,-0.684445249691729
-0.905244484153569,1.49044244645582,2.76911560430205,-2.27122740291213,0.150955240647921,-0.517489150455887,0.69538551866482,-1.21607710897682,-0.287005163470868,-1.08938356492098,0.876099743201038,3.5220722211996,0.487109417305489,3.41758237204479,-2.1865049644486
-0.408146389937513,-1.12252807103383,0.0480846987481393,1.11738023366127,-0.117026619358552,0.0872840953617004,-0.677578702767629,-1.51193450074636,-0.607379933332217,-2.41783088513292,1.16272837202266,1.22995201820456,-1.76838855867118,0.962339424395528,0.350046178603807
-1.03343899691705,0.36400239816004,-0.315906302651087,0.248638454624502,0.627090704819844,-1.23459353442263,0.663296410192686,-0.791383593850226,0.545632510524646,-0.184893476923696,-0.496803264284788,3.46354417141154,0.367438104552922,-2.87515163674622,-1.14620435297186
0.819088612194934,-0.999131320015892,2.32620973162868,-2.15821960190963,1.03606387474901,-2.90175492660606,1.63321933108616,-1.35259652056409,1.82227538004895,-0.553716555793405,-0.148629705115763,1.19444952213039,-0.0694383257046216,3.2194499995769,1.05357987798213
0.535521238950846,-0.176328658684028,3.60878400643558,-0.77735278782814,-2.55237499656299,4.42220983613531,-5.03753199465249,3.52940791628057,-6.58614436473893,3.58005448898235,-3.55377888489054,-1.52833470827662,1.84394166187957,-1.13783239879565,-3.18495390792537
-0.458344502947213,-0.797856398779351,-1.08469372623165,-0.779171540636879,2.34172996724844,-1.47276397606596,2.51249197915972,0.619727513390091,1.17192752501133,1.34202690053134,1.54692433161236,1.38747874099223,0.339183258491239,-0.0706243933353667,1.34003430100066
0.0592007171858638,2.23697010090576,0.873236847301643,-1.99406592447675,0.347205384356062,-0.43355642481856,1.08660743151454,-1.90211173842196,1.8202804416812,-1.37356177798894,0.434293738169436,0.281613073074897,-1.11865694703157,0.548960933400943,0.635162851104823
1.07813947135408,-0.79575640845285,-1.3519449873927,1.40118299658462,1.24426268497164,-0.584292858868776,1.05992225796277,0.198168098219254,-1.34671123302502,-2.22052605485541,0.256968220053718,2.41702741938236,-2.07212217003415,4.19227482697993,0.49574151148062
0.698758627455674,-1.08174954650159,0.254141450660405,1.55546434446398,-1.01114009942805,1.13860452206677,-1.23392241201143,1.27807267782216,-2.65562407494237,0.271276321780577,0.135046177887825,-1.72238906318616,-2.32038985211467,1.86870015705834,-1.24782519821206
-0.578720373097516,1.69675494269118,-2.01058242667592,0.122605899465813,1.48836700195643,2.43521847388306,-0.402841588120315,2.2652919389154,1.81164905131987,2.01891716135064,-2.03863222354785,-1.6188105717242,4.14857990146128,-2.55370648337309,-3.07921189030386
-0.999845781387832,1.54627963991332,1.22761057579163,-0.334348201963692,-0.442367656761519,0.2750410998838,-0.930916309647521,-1.53382881189114,-0.90308216802368,-1.68537510560204,-0.387425939029089,2.06099427622738,0.504256539443747,-4.25087926433096,0.029786680299424
1.0483969952931,-0.426359634006592,0.443187223733875,-2.51711713051168,0.678246014689818,-0.997034039713268,0.369081518242317,-1.56561385481579,1.5287795815665,0.388609099675098,1.73019577143116,-0.197764838686909,0.523174986462084,3.0188253101345,0.252749269348114
1.20615175455805,1.34671764351634,2.40066024492116,-0.91546884707388,-4.57500086641781,0.0946598220769077,-1.61516573342339,-2.13599959445192,-3.05952909565442,-1.25361331918004,-1.23777098520282,0.330786027001777,-1.33318594727159,0.81299730082156,-0.931542166561485
-1.27624022042617,0.91510616490629,0.811267080374847,-1.02800275886076,1.14290280803834,-0.0990756050212421,1.24295648642104,0.302860064131444,1.81883507284527,1.67577909142419,-0.46717756583725,-1.97958729503776,3.59451973756402,-1.95796038707373,1.41384678810584
0.460186830616047,-2.31535860952435,-2.15447604808993,2.16332729154643,0.388609573666208,3.27780660342504,-1.3813020562045,2.53135905956329,-2.64200558230893,-0.185065155728862,-1.90436652189256,-0.0901703202830583,-2.85596345634668,2.01558874444152,-1.25571963574523
-1.09623996722697,1.40634833583689,1.89870334218836,-0.590544153674674,-0.912007213901595,-2.47169191586226,2.36158794570357,-4.12830104313652,3.38905217268288,-0.897831850961485,2.28479337539914,0.10879462177461,-0.0688545521361475,-1.43068148214436,2.19612390005839
-0.0724011101037831,0.108501527255554,1.89162275022872,-2.11184725177827,1.36330222718062,1.66376606098968,-1.28348076568448,-0.527009627766848,-0.425061669543247,0.00207037915827008,0.0772098959383395,1.78486701590765,1.64675254945631,1.92383470615815,-0.962549483063272
-0.869985923964805,-0.451170697834523,1.14277295534426,-1.63923405062802,-0.49933152824672,0.6412249174241,-1.29828788677213,1.8085350364513,-1.05630206166108,1.64362063503493,-1.01038737267701,-1.18955708330851,1.27352943455022,2.39384507559651,-1.97258382048298
0.376075130044315,0.242418829761052,2.18074827684429,-1.10015634283535,-0.171228676300335,-0.824052609281979,1.14054610824541,-1.6585940691282,1.04308169624483,1.47891618677245,1.16017137558878,0.758034911152071,0.360112266418785,0.738384865292029,2.39741076639927
-0.616759315617323,-2.07150584536472,0.247582361577467,-0.774711023211798,0.20725097526316,-0.726060515318362,1.6403252170908,-1.69168077953069,3.73725922060247,-0.14006063710001,1.75738187132534,0.607315613337431,-1.92303791024679,-0.0664721521139597,0.314128673545591
0.454287777949691,-0.677613772077917,0.330693938368746,0.623650335928059,-0.41035115344275,-1.27321841488907,1.49411573227423,-0.771859732886018,-0.642652157736001,-2.11843221108681,0.28227676669429,-1.42274135453798,-3.38077295904931,0.423657939981921,1.19344948118712
-1.09386562711301,-1.03433453119135,-1.24079130777976,0.698032944411968,0.430306157518759,-1.01185391191715,1.75397356371714,-0.0494870897960631,0.465130432157224,0.157432122240068,0.495929806352975,0.8897134028462,-2.31773019129549,3.17338325173211,1.59508370205062
-0.0254371634025916,-0.404694772830532,2.00343538593533,-1.44850591192829,-0.684631255975027,1.10385058220912,-0.41606781388995,0.949124539563521,-1.39962044917395,1.82471368864202,-0.652314756126733,-2.74873506469317,1.27084287285003,1.14742562037244,-0.539476141651187
0.383271712501334,-1.72026506310287,-2.21352293370489,2.6813880635544,-0.309235805910392,1.27459752066085,-1.47693573313496,1.71309619317932,-3.09236365253129,0.101788468052045,-0.064537495878638,-0.00593161950967961,-1.64034364066057,0.141399607497186,1.54215708626155
-0.581414774995385,-0.708832867950446,-1.72918575648122,1.23004899784586,0.5333067769697,-1.66316969788239,0.144068453943694,-2.08930053626719,-1.61935468896123,-0.243815983237548,0.170357963262765,2.70949861169757,-2.9088547588364,1.26599277925115,1.08922390640505
-0.222170579542805,1.46623262515484,1.34655881939664,-3.89050244314473,1.64208244708064,-0.320908762456683,0.992111289670285,0.370138313862941,4.29349111553737,2.8464350719945,1.08807225695097,-2.66722565684928,2.50876244534015,0.669509425460473,0.111220718063986
0.589414577984401,-1.3965103089299,-1.01040301585082,2.25915142206593,-3.2766365821844,-0.576167334890228,-1.78346978189097,-2.38837627468398,-4.64789145278954,-2.63833172339753,1.92234299685551,0.897312444917676,-3.19751579990135,0.54045497862601,-0.424439376963619
0.899650780508154,-2.00293747177624,-0.116157930444726,0.74685835751949,-1.11685469897102,0.705581342424266,-2.01332167711252,0.40239228333423,-4.26086664486237,-0.131327947433768,0.814211198507415,0.513713200664351,-1.3403208513219,0.411316689477178,-1.22808052255966
1.1888044405007,0.131220141518846,1.07302985901371,-1.5147246493686,1.82717597941685,0.690219304521882,0.655436765058331,0.698280828311321,1.47727289867232,1.81129459895047,-2.20439065252864,0.390343385865433,1.47725848248422,1.1940188005288,-0.213674396529071
0.390349362361852,1.25613729786656,-0.515357072050184,-1.21903579663208,1.66280127061764,0.350054424316164,1.42283643093062,1.46316319521597,3.50619966222491,-0.788930167714579,0.928524003900189,-1.49981490258733,1.67868526974989,-1.24134079825164,-0.0267010904914107
1.53956111146727,-0.576081753525445,0.371091783670525,-1.3949919924922,-0.166684574637919,-1.33472280335953,2.44674077317481,-2.29120317274626,4.12959126109606,-0.169401093413472,-0.521816462615548,-1.17052932288741,-0.821416003406411,3.90476765656611,0.447176016486663
-1.37358067051218,1.3172731585328,0.856526401471593,-0.661705488774424,-0.541658306361059,0.391028625153869,0.264369280818276,0.648336633831585,-0.808374109500358,-0.608833772623325,0.0783589986055825,1.47543573025076,0.729406811979812,0.81351378998191,0.649078546347016
0.554873566547473,1.32033008013228,1.76760782118957,-0.483996386070123,-0.866230901635233,0.603773954592048,0.155651896106265,-0.76221702964701,0.966438096912764,-0.53446865928523,-0.0331063407637763,0.602056239980636,0.474166822154663,-2.42749841335707,1.45923230823216
-0.468281055173252,0.477986646877712,-2.16700044261286,2.43334735487594,-0.77652478704981,1.11919733817564,-1.07321962784168,1.36694121902107,-1.99584621668879,-0.945022801156466,-0.61019890476117,0.0751880034749795,0.17522669171043,-1.02064075899436,-0.352129945084621
-0.164137403552486,-0.573347987463373,-3.69967491718437,2.41464630679734,0.383785989341559,-1.26148473388074,0.394612502044066,-0.491425751013523,0.0977588832756317,-0.466568037076156,2.15835136945732,1.25324954360491,-0.904018168737489,-0.983681265806932,0.821771695781946
1.16847494374514,-0.667663928509771,0.673661987028118,-1.51136086585963,-0.0453646526172652,1.34673004010312,-2.72917133563804,0.625448046941584,-1.64472504415573,0.371285387936964,-0.0521965326342285,-0.181923834995885,-0.592868746869656,1.06212412535545,0.614760021300857
-0.269835642458381,-1.79906876904476,-1.98149189262374,2.93791949574405,1.46686991446164,0.682373189554907,1.17084276905938,0.113114051060025,-1.14625167748739,-2.03568436824586,2.51337149636274,-0.109253521713102,-1.5625577353478,0.88363367903671,-0.306651390796126
-0.678135682951023,1.29564144723757,1.03353004058297,-1.62429704507345,0.100818362903925,-2.13497847640904,1.11291839945036,-2.08579142442922,0.64173312736292,1.45599534676435,1.50977086190904,0.4813480247247,1.51967053704595,-0.638941331985587,0.0327148176095445
-1.53108878302632,-1.92333826976106,-1.09196281326937,2.089280484857,-1.06390265338293,1.82383884296562,-3.10560658621553,2.65878204108192,-4.48458688799759,-0.00470674798971304,-0.727497717204647,2.1311167001159,-1.39660302752151,1.32103951626183,-1.48735312853999
-1.75054975764571,-0.350120595389007,-0.822854246826647,0.642683281040968,-2.3165394968868,2.24452170112123,-4.65504351609943,1.67596807087289,-3.8923744999199,0.692427956872711,-0.163375315830178,-1.98571107015364,0.915714509137081,-2.24890142538679,-1.3463142040381
-0.565576528534197,-0.682280617409936,1.51880407861797,1.70166668480289,-2.6244642013374,-0.280881783080983,0.558583693269048,-2.31812806935234,-2.79260434074439,-2.10219877608036,-0.358686675263414,1.15171062388753,-2.64986753789101,-1.70299423909636,-1.26507918878077
0.414182635008428,-0.0954652456697405,2.37251309974462,-0.19882814029751,0.496128973521815,1.50045953220647,-0.625526819198846,0.796306315478041,0.567986588449785,0.5747766022837,-0.0829325335078278,-3.0986145568613,0.390436445887703,0.623295531870314,-1.1773090524071
-1.26882848860424,-2.19155850323023,-4.27879340259869,3.67829452286996,-0.457685342087266,0.981119053221095,0.903175452653965,0.605965340391416,0.475073392273804,-2.13488506623478,-3.53651821494865,-0.890760456061471,-1.62573277959254,0.823663921885764,-0.568381243221348
-0.555612987992919,-0.196042173687509,-0.90064500364336,-0.318316594367047,1.15477037359276,-0.987387343159093,2.55064217099631,-1.2083320353164,1.87825038044061,-0.361077171700289,0.354599394518334,1.52810446222657,0.941311213842236,-0.0375908344734791,-0.731505462658102
-1.00264542060001,2.06755481162027,-1.0170653950539,-1.93040443962243,0.480730446051759,2.04795683213501,-0.302501595991441,1.38982497293956,1.82255346022879,3.18564610359691,-0.712188819345651,-0.302192609227013,2.88149601811987,-0.202676606317807,-1.78393479921807
-0.0254141818401312,-2.06647362936176,0.0669213429482443,0.152792053822155,-0.0979621823102565,0.0648142534381985,0.562958080527535,0.68102330125008,0.826348103683002,0.559009457574111,-2.36315039959767,-3.14439405718711,-1.03816732552198,0.549569485060236,0.839651352102698
0.109602949121144,0.715178536080161,2.55121731886849,-1.38684258158915,0.452100066623761,-0.918593494925075,0.831491874209129,0.260618629466198,1.00435857730999,-1.65773002584757,-1.32420480844531,-2.75214698451199,-0.316376982439194,-0.188453995471467,2.4409859514061
0.34390206366044,-1.98070034267887,-2.32151441713139,1.81008289767034,0.0734707018991236,-1.91521618935788,0.760619981308529,-1.14964566742428,0.289383083372446,-0.169670343974362,-0.380309613361365,3.49794468347006,-1.68787051760982,1.26769229213366,2.19111510347542
-1.7940999878848,0.941353934151857,-2.30629225315366,0.375544417355084,2.4526048641625,-0.00453349542939179,1.15273700172429,-0.818201262123251,2.88203237196007,-0.393367426254742,-0.924757975557867,0.78022131533278,0.06234564191318,-1.28192043817128,0.680657472240575
0.213477338269479,-1.41139868068625,-2.93982324528645,1.83291442846681,0.127804168917392,1.14852424987034,-1.33443039610514,-2.07767015196306,-0.762596239736133,-1.26899590223542,-0.709761242465281,3.93204051927653,-3.25990045843799,2.37174711967561,0.867330204741622
0.55603120032028,-0.0827448994506987,-0.4590669325699,0.0456008988068376,0.813377121632916,-0.443818055397512,0.74575341898218,-0.91791478697584,-0.324897281427511,-0.80627922145769,-0.685422246416647,3.63814647649598,0.276846109460929,-2.02474324628148,1.83769460727905
1.05241251117677,-1.3374433786406,-0.168242983217536,1.34295555691471,-2.53036404907732,0.477377252244057,-2.01588947710671,0.249404828790097,-4.09744129615708,-0.0177942464204769,0.257788730241553,-0.428688637326573,-1.51585327227261,1.31034256215717,0.0829514969705056
1.44203186852313,-0.643461244473552,0.40300466507628,0.569023544776342,0.0870921906101914,0.242223651154654,-1.20991381556977,1.12423352727859,-2.89857040395574,2.18673820804623,-0.563250134974308,0.262124277590999,0.915066349956426,-0.345322283697931,0.443172871101016
0.230424114452081,-0.8436856473847,-1.33253588673295,-0.945713581996612,1.45601766023311,0.79845152585132,1.87419450960251,0.530803445470588,3.4123869990534,2.4115718696444,-0.632997666407881,-1.45200881998582,1.10825278670865,1.16146895007561,-1.02538601896183
0.669912781230285,-1.61459825372236,1.68166820254239,-0.853367557982703,0.479107774733613,-0.142337140684993,0.560091123406193,0.868142703349266,0.513778417926527,3.28543735351541,-1.42383113483452,0.357237279716467,1.21883129907488,1.87409683286315,1.94246757996032
-1.52247816212563,0.201404959687331,-2.55453791218784,1.81193688457254,0.703965353193846,0.430588022622558,0.242041192550988,-0.280259501088984,1.42198989233857,-0.688201827662871,-1.30112144455394,-0.496290748412183,-2.50552955655641,0.228344496925974,-0.57304226506423
-0.763352758005595,-0.735152115506554,-2.18750030245633,1.49250186826979,-1.42284646096688,2.05118961842965,-2.28986212981583,1.68186191207602,-1.10830037295351,-0.105680137919181,-0.28306294678286,-1.03204161075735,0.10708340503061,0.338050896589502,-0.24676304891118
-0.250967072159488,-1.26051516770007,-0.904706393226197,1.40065178708075,-0.719567107910859,-0.393806418311832,-0.733993685574151,-2.37851099458338,-1.85746342750074,-0.633183839392563,1.00845057964144,3.53906163166048,-0.261284044490114,0.610848825890142,0.870029129095198
2.26015805245133,-1.25818571553409,1.01580546667721,0.145524013365742,-1.05035874234697,0.399121810712302,-0.1691676294273,-0.239336587797143,-0.794029133592323,-1.72462334097619,1.23295350698287,0.4722985453447,-3.06364391598164,1.63989509443056,0.0752059973108345
1.19572098957643,0.71370369625605,1.82168654019506,-0.269448357101257,-0.359421927755621,0.0143613131579799,0.53788724039314,-1.05675649236411,0.934313050769792,-1.20406801711647,1.00551418319242,-0.81431836214467,0.453008388566886,0.863484916795703,1.28118075381474
1.39632579316281,-1.28755809751672,-0.0631230870411977,1.23113675994148,0.224474691779914,2.732091980518,-3.40698888632986,2.04379241097735,-3.52169484755027,0.960403735907255,-1.97417737285057,1.46885651827997,-0.960225865510272,1.71494160037741,0.417368620365889
-0.644324439369495,3.81835306883727,2.48394455261999,-5.68385630614838,2.02577252161945,-0.328628288730725,1.42976676657144,0.770122345815286,5.25196745711528,3.48864558521467,-0.459268566167509,-1.52830572238314,3.64569875263976,1.38115878801718,0.166031961333027
1.03819141083874,0.157375148853974,0.186913063758725,0.403829133944439,0.811484775822961,0.47670431735708,0.959553436264277,-2.6584386473144,1.40539105373504,-2.5802563920508,1.92956725461785,0.581421617287963,1.52957674649777,0.295934765298451,0.154534616884497
1.07354665409941,-0.440793816427955,1.24505623239554,1.2386014105807,-2.72248374012944,0.0322868970913278,-0.707463108273326,-0.414514148103204,-2.93048780855986,-1.12083278395593,-0.0431171899792314,2.13738629307714,-0.240224845228384,0.600390672103242,0.584529888546638
-0.435111069481094,-0.432128258008127,-0.579484467506508,-1.70983578142211,1.96528931633506,2.09838508343787,-1.26906458376731,2.28219065157898,-0.819305777074977,1.69306599055834,-2.26161819320659,1.04094087114296,1.47138374687744,-0.873801940028618,-1.85698333276628
-0.521181920768679,-1.32476637576034,-2.45218578666054,0.179049296505254,2.12508610272699,-0.418748252888388,1.84769361073585,-1.34029729119244,2.5449245477812,-1.86340726333266,0.788028003898076,2.89008935081776,-2.57792779649587,1.73312023743165,0.506010183938955
0.727476529592862,-0.112039531795758,0.346458845476357,0.985229887507455,-2.05822641544064,-0.717108843558369,-1.76137914750808,1.74509939713362,-0.137759591789513,-0.00434370460429768,0.480182659358751,-3.70964452166414,-0.304674142912392,0.140095463647669,-0.114029002245237
0.166827098026452,-0.0108038420933257,0.489031005844263,-0.75339833910641,0.356118100051022,1.35196218154838,-0.568887158518619,2.14157431463908,1.77351784159831,1.4480187610182,-1.54998895082087,-2.50552795424487,0.447118053013467,-0.594448531388987,-0.88527240220588
-1.00521324225674,0.152152432903263,-1.05677837577093,-0.75285168645909,0.378908808916399,-1.80555855035835,0.632979666171058,-0.944475325007356,0.526946292409534,0.655246595929757,-1.26829902116244,0.885578998756898,-0.0805926755583903,-0.50183191334377,0.358310433777547
-0.601234732070816,-1.06740502240328,-0.0532272763547017,-1.86642119537261,1.50578155790973,0.197475942483936,1.24063122201232,0.440076522538629,1.29489991695768,3.37224344037505,-0.991510514787557,-0.592100758281233,1.35666103854227,-0.610594537776522,-0.548779343435877
0.473808255513752,-1.87145339974394,-1.49655479712633,2.58863894445802,0.194146750625164,0.305601178021622,0.691504261369312,1.08549776492881,-0.215370910955515,0.560789678477979,-0.220195963490762,1.80016269449833,-0.268547703733283,-0.305309415017145,-0.83849098375864
0.489220837021798,1.75585011438042,5.10584923310948,-4.52786613920204,0.330731885641249,-0.534469939567009,2.97837522226881,0.626537181997311,1.80469281072081,1.56759679162466,1.09749185941344,-2.94594548962059,0.89515043108827,0.395704242981289,-0.332629371691183
-0.918630343168404,-1.37984984658849,-1.35231972729981,4.15640811096014,-1.14789503770307,-0.942550851675085,0.739438571773983,0.157464497189182,-1.54304574625467,-1.31415159542107,1.30579212764923,-0.44017613527518,-3.31219795476662,0.266610729317139,-0.0175123827570755
-0.477971594315435,-0.925294599701909,-0.60071994565989,-1.09307066029516,1.59438572796966,0.489038674601773,0.476655694489225,0.861485554127975,-0.259598953406833,1.3119430838056,-0.316306714979566,0.583361168540891,-1.08060943717034,2.1657185187291,-1.53734677698285
0.231947982145501,0.335195447611301,0.939022168672801,-0.710255508169042,-0.332472061425981,-0.597047408908151,-0.121607084477985,1.19614601687844,-0.297891585460344,1.51508684057518,-0.117405531215388,0.383147516482347,1.98315961644891,-0.274038082176291,0.514197255586827
-0.730094489600273,3.17214112573312,2.95774627598666,-2.69201445069491,0.191441981827961,-0.522537837830965,0.0727249979242856,-1.53709029217879,0.723689475490878,1.50960932084807,2.7518973934273,-1.89763956294859,1.74958723335725,-0.117464954595034,1.66508667275475
-0.0377006280878189,-1.78921136888494,-1.5950941260108,2.653550199347,-2.20309642591392,-0.63516149149991,-2.20744551801833,1.09762352393549,-3.09585502546307,0.820765098869337,-2.84523963582638,-2.22389341854198,-1.3608121087851,-0.52821152581555,-0.412757057883606
0.940917586476762,-1.47281398904398,1.56752477673957,0.465339471896854,-1.32384326806496,-0.0280285389426832,-2.11026848879061,0.495919912918333,-4.39195899531126,-1.51460519108491,-2.14640252084757,0.701851872647089,-0.547077391826429,0.174353852194058,-0.796410310479753
0.916894011479155,1.56654034980825,1.7533517787556,-3.16925821597216,1.92574068747005,-0.522323205969012,1.18143120571754,-0.019744371965332,1.701561530818,3.49191450126925,-0.744952574326202,0.542402829989296,2.53881687976697,-0.723851277355911,-1.21576283234979
-0.815407087780262,-1.90200568950684,-1.18733696567003,-0.195226017320164,1.70595316748244,-0.332024963303037,1.58061692262724,-0.582171831631201,2.51164726281885,1.56942999904866,-3.13829271563405,0.088754418460636,-1.5985168026444,3.60184982266075,0.623442001161767
-1.3439150733958,0.935012585909415,1.11327279501923,-1.37347952879817,1.34528547611531,0.559962894663753,-0.438851466736498,2.79093036748265,-0.325685495758028,2.56241840520765,-2.007849569395,1.46263133129032,1.70726587364241,-1.89219705309994,0.0898829759131236
-0.387640503629448,-1.04554531070299,-0.538530520631922,1.42143326986356,-1.90983722086118,-1.66550707286654,-0.916548445793385,-0.815851779152266,-0.112737953965203,-1.9687358873627,1.09304861521805,-1.18209304431234,-1.30563385887808,1.5715023868378,1.62292632542897
0.228726735792553,2.46112644250241,0.93847959621182,-2.58191414156601,2.43403355565646,0.0443857249680759,1.15923660231714,1.53762209882539,2.3421496345095,3.50429956192691,-0.834296087686642,-2.29094272235353,3.46237179959081,-2.33430376836201,1.60420202802565
0.909848476320364,-0.65267459374463,-1.11017830456869,-1.03933463570475,2.34362820841385,-0.546306910829737,-0.119884823123242,-0.320226322892431,0.686895075396624,-1.51624128049832,1.68508575774578,-0.695399129543454,-1.16432117511322,0.970992446204652,1.62897718429231
-0.287927972859733,0.998774581614304,-0.592734269490198,-1.07198692176626,1.00377170008179,1.38016845585055,-0.81377498557739,-0.113992419179633,1.60695423974277,0.73221048309823,0.804905213241119,-0.808086385258265,-0.102152747113317,1.30858091050274,-0.364752369870476
0.218451841025346,-0.392112342288004,0.529392531660444,-0.764389861322539,0.577431164557918,0.137432767427174,0.67921101203059,0.241131974311789,-0.0382729235383392,-1.29676667174288,0.541516984058926,3.02021381531124,-0.799211403940508,0.297211063528526,-0.387514005368763
-0.375270344954811,2.14636239846175,0.597368629909191,-0.575403011038536,0.135772363654328,0.949430421602287,1.12121431271222,-0.448680008132458,2.3516932820531,0.78035911184925,0.452983659429233,0.0580597663534484,1.60289042618841,-2.26215587032919,-1.36010759347781
0.321228615683885,-1.04326678120652,-3.43078237362083,2.08826810556781,0.149550435832595,-0.455403684395545,2.59424140738664,0.727114348048039,-0.664576954068605,0.580478216952686,-1.11996484801623,1.57507851088164,0.229485807965949,-0.122099597662569,1.85898903040592
-0.300939124011956,2.096840693433,1.39306462567093,-4.91643985855457,0.985564703402384,-0.680239298073522,1.42890809521711,-1.85638434200145,4.18848418676498,2.59411768244891,2.11714917930988,-1.30626907675858,3.41023200399311,0.930687382744849,1.18967929581654
-0.891601304250327,0.0786951039127269,0.220993098096988,-1.12722957299005,0.117113891046761,-1.08979366037157,3.47772158916647,-0.32546392547403,4.37126047498558,2.52923496763871,-1.73686008816384,-3.49546913101905,1.93875764816475,-0.374594746802082,1.03879931505278
-1.43904121789798,-0.730870441328475,-3.36203095329086,4.67237060816332,-2.49001354856005,0.471572776999388,-2.34061772079286,1.57840056725416,-6.29989981291641,-0.474252603761426,-1.18430462775068,0.689250156810016,1.80554175910639,-5.89038988403083,-0.966275138726375
-0.481815520562034,-0.444194962251458,0.558511680653405,0.813485801881017,0.000454248661370213,1.12882427985685,-1.32152509115207,0.626800123513131,-1.6067003665578,-0.986685065737825,2.4521448017734,1.15217872156271,-0.528078182763077,-0.747328124840823,-2.06600011699588
0.629099784799633,0.904892044728507,1.27783187180336,0.184740553671393,-0.288713851900006,-0.0753566413468825,-0.431683740429051,-0.0294054352772434,-2.6907994689055,1.15555644834063,0.693550072423254,-0.499991207849604,1.50617272166174,-1.88505754701615,0.55074565374531
0.900926763331804,-1.69098448197302,-1.22468752354408,1.98871847020815,-0.633457363270078,0.912399514900282,-2.11771236155454,-0.169168195679062,-3.47188306567177,-3.21066914492627,1.08187987316409,0.0570979113481409,-2.73078090900678,1.82456315949652,0.0663236523645847
-0.507154121705132,-0.286789772960681,-1.00608041854872,2.95006963309901,-0.558152212088257,-0.470511803293222,1.18883539585476,1.12586308693549,-2.48537468727714,-0.931068602178317,0.381597890577097,-1.5580437257454,-2.16278807450906,-0.732047773898459,-0.530832048399052
-0.0752996634553903,-0.984880943381947,-1.86718794656945,1.5631225923781,0.363136873010659,0.493534452933087,-1.5571507097983,0.0459156089590568,-1.0824985976546,0.555478405275716,0.81002233176569,0.453484649647883,0.0153084268604707,-1.13312914007431,-0.948135197705637
-0.0483118266405282,-0.709137791046979,-2.40871620756096,0.253384774706757,1.71341943729697,-1.44328673833362,3.56090936332086,-0.133051228856718,2.84563103721021,-0.348070410454384,-0.548954239264759,-1.63958589149177,-0.968085422532171,0.79902682045068,0.0248537445171585
1.01520229334417,-0.984862312583681,-1.09484989663449,-1.13179130928531,0.514736768427973,0.289977622400927,-0.803219447314622,-1.18626230636353,0.393232638728072,1.52267358700478,2.90312002928048,1.9600801717324,-0.470450923887464,3.03569775333414,1.17766680289084
0.404713212911341,-2.15481459733518,1.06598041047493,0.543013655654857,-0.473540111039614,2.39254467447291,-2.23936769570116,2.29322715339724,-2.04019765520919,2.14871310986299,-2.91182384527684,-3.15286335682707,-1.87151125025662,2.83568596309714,-2.91759988044194
1.68015987418179,1.9732410176697,4.53349297904826,-1.56787595502361,-2.95264681276141,-1.83734679739858,0.433211494438383,-2.69045720557648,-3.69494518553024,-0.486086117138139,3.44691798799085,2.05481740141886,1.16969625697132,-0.415806338679261,0.995794971306479
-0.655100152185628,2.71040704147588,3.4990341843047,-3.84425378082531,3.11946738694383,1.49637298011693,1.75249727191452,2.93510706854819,3.00655257409741,5.4956790274564,-1.02118800129784,-1.22579235134248,6.40811377005214,0.028537788474911,-1.44493615770815
1.22686578487555,2.20123867177551,1.95199081961276,-2.09269253595633,1.88436657485546,-0.483545490674504,2.22977857559951,-1.95494877015345,2.03222275170797,-0.138395518280798,2.04318921966135,1.12448076891571,0.868993401079344,2.02983159132198,0.321880123788388
1.69541256955311,1.02543664188436,0.246212814951353,-1.22824595528345,0.393248755199004,-0.887694938933718,1.28138921024748,-1.96582682524903,1.67815259035261,-0.59722849160355,1.82421676584725,3.62387955615569,0.77546303711095,-0.218295213429272,0.0647501152455793
0.134148776231998,0.143530693433767,1.82862754276224,-1.36341603096976,0.378169479436338,0.983266071750498,1.13754609175294,0.630654205251416,0.938342177987575,1.70201643753471,-0.374702846139617,-1.17903152878262,0.810831754851869,2.40473530454337,-3.25995270417186
0.0722586583913261,-1.54743919060929,-0.10363182653749,0.664721647094818,-0.307873969643554,0.414092953987754,-0.616706113391824,0.591621805554435,-1.51555341879481,-1.30088635091305,1.23059393359529,-0.719957187437431,-0.00531587795989934,-2.56061377591193,0.30778166289654
0.581984741731879,0.71588007201989,1.26452259593621,1.18790764151495,-0.23050502213604,1.98939388737917,-1.22507140967992,2.66039182907091,-1.33748982551729,1.38708706519733,-2.64069548968072,-2.58333086454083,2.18087803916595,-2.78592364446417,-1.19650641419302
0.469630240395122,-0.627625952630011,-0.587874571838962,-0.317957174969772,0.607216396700704,-1.65945726411687,0.875387425594246,-0.279041015563874,1.432001624646,0.64843083886022,1.00512475346205,1.06618131840834,-0.447602031565139,1.5138482797401,1.34497358494564
-1.18298731743939,-0.391036711770769,0.782098569675203,0.689795649114434,-0.996987639393076,-3.28436722614733,1.75941121136908,-2.69331618190992,-1.28504430434566,-1.82931174445068,1.5477026221148,2.25264436846058,-0.573625457557945,2.24960033684416,1.74200426804
-0.698022951637503,1.66708334901213,0.179460752246877,-0.262440717734823,0.701003924906162,0.994436833961358,-2.59765220166299,-0.240585817004208,-3.71123027250321,-0.0299987935740078,0.984306895787047,2.76422748458927,1.19233096196873,-2.31947120672968,-1.37785393498476
1.3623529522401,0.680643507166181,1.39428436287967,0.675546787793644,-0.637266465254052,-0.0439906408553611,0.832889442953079,0.631213810382077,1.02640083447194,0.790503937915924,-2.21874905002139,-4.40768749908366,1.05407534696539,-1.91829727331424,-0.788111184048421
1.58603601672725,-0.576651244992903,-0.0273473483943518,1.28063463451212,0.0959976678442342,1.40414617612305,-0.642573742659419,1.81129691862945,-2.50745983774479,1.40056103250575,-1.38598877499341,-1.08094078789211,0.168158124454815,-0.395547893366233,1.35506045761922
1.68057828113379,0.260884347151976,0.802094734815669,0.0842110953141346,-1.05510250672357,2.24709295720307,-1.88360336900247,1.87581293624769,-1.06687539016507,-0.3660031986376,-1.1053767111088,-2.34233806157328,1.04595616174995,-0.620424262120801,-0.964464875193158
0.176106459266271,-2.13939507467373,-1.26677920451512,1.38091900048194,0.385640782284184,-0.774315787569437,2.58570022451506,-0.243605309612107,1.91658865397866,-1.53430276654854,-0.551078329103517,2.87323111737529,-2.00662735462176,3.04047820449722,2.25295740824146
1.7078816569697,-0.627068599011738,0.372498064142308,-1.12572648098499,1.62663110581674,-1.38118536866618,2.07492932426261,-0.374117840492768,1.08137978484021,1.87362388020991,2.66897726634909,2.45927729959827,1.36059475498189,-1.87907077134599,0.673721841360633
0.625786447740529,1.68994560196845,5.52339286100013,-2.8103117442023,-0.71679621232312,0.550021127928188,-1.2306826877761,-0.271960257103912,-1.05922685545129,-0.330511954012643,-0.0796423770773532,0.537433544251108,0.326857514683178,1.06459805954057,-0.369240206247595
-0.201794426113801,-0.228034621077665,0.737464011860865,0.0159942218918151,0.0446848632393791,1.2163309058106,-2.01214992856095,2.44283100119028,-3.87172089803057,2.2696837210295,0.76985674537441,-1.54776669546789,1.03404656008382,-0.795025361685079,-0.165873202126695
-0.93124877357253,1.36398234419773,0.904039970768675,1.04660647770971,-2.39130328340218,-0.311718801369132,-0.91040663495191,-1.19199356625242,-1.53521781496515,0.0298121476518361,0.30381408131947,0.904283311590604,1.91883342571107,-2.04513625272703,-1.15356103699191
-1.11857344819918,0.979096639318111,2.28635179404193,-2.33615778559883,1.23338240824342,-0.505152098401922,2.05304297379798,-1.50930878145159,0.470052681652542,0.746656906606546,-0.783032562522471,-0.554852811384457,0.809806120352908,1.55016935368683,2.80362850130855
-1.84304797846873,1.5256417480318,0.661698296447437,0.380474832290876,-0.709176571742279,1.13128289369662,-0.855449910933348,0.52671329793699,-1.60352230700279,-0.103270586463812,0.113079100512107,-1.39171364813517,0.80042910583361,-2.43535252584787,-1.6465887301417
-0.668583501809904,0.977300869524976,-0.872845935515243,-1.99009441719785,0.274969063186169,-1.08260411667426,2.23442648616332,0.250712757595282,4.37753450996148,1.1172886653839,-0.205992194591015,-3.25217224319772,0.844178702186944,-0.646830533047401,0.431832272196663
-1.33258800956809,-0.61396777640847,-2.01424414863187,1.67761279642361,-0.102248409560507,-1.09323909825737,1.92674219244773,-0.124021842229804,1.64138180699628,-0.511890207043982,1.00935899132608,-0.896808805781754,-0.613044866378284,-1.36722997442209,1.34083716002055
0.067982071494569,0.0709920318325572,-0.992261880655558,0.864275763205194,-0.587019420080605,1.49201855547671,-0.0543000393284565,0.954835245678856,0.11275031120915,-0.625758039320147,-2.7734436978394,-1.96627003396514,-0.949938624030202,-0.698505996447059,-0.69564300942676
-0.853620251268226,-1.36840402989714,-2.67525234924347,3.10515465799103,-1.80016926468592,-1.6053594378019,-0.240170070149025,-3.24125876770832,-1.24826362747562,-4.82597396280894,3.33554086143289,2.1432268450368,-4.07082259438927,-1.05699876879706,1.73678677342034
0.716241886114763,0.549811539377014,-0.964109475598665,1.60824801126207,-0.0750295217291787,-0.672289948443706,1.64969704233001,0.378183646707453,0.533874659411692,-3.03791937135646,-1.76710238678949,-1.09447529836746,-3.30856679151937,0.52996668564222,0.13357795153696
-1.91549793037378,-0.240154197011196,-1.51729888576076,3.50064122198329,-3.02777329999765,0.282838786451683,-0.800878915267934,1.66615385150378,-3.62874612836434,0.372067150131138,-1.20997683626368,-3.09295151941251,-1.13149861126578,-2.92631498992366,-2.45123032695115
0.778940322321117,-0.781426083202722,1.30382233199061,-3.91017219417429,1.12843779479608,-0.979547355572398,2.37320307234112,-0.799061094655593,4.46441472303041,2.8560531522694,1.38179779637115,0.454526519899487,2.28720814434243,0.956547213443653,0.939027850250422
0.768613085077641,-0.150030952910094,-0.285161531919871,-1.12914595724718,0.406330187963203,-0.580136388385133,0.416984788096984,0.0948637370941728,1.37170657163667,-0.292598671322037,2.67970916691475,-0.572096811760755,0.895386015323716,-0.553530483895081,-1.45326073262827
-0.722678748656637,1.4206881851015,-1.27957655353659,0.0939958133271666,1.69181294992222,-0.286599366100902,1.45332556995113,-0.331376332873154,1.31681510610169,-0.175225790200355,-3.72634889931558,0.1916094479119,1.07485518304514,-3.03245435739658,-0.723171691695547
-1.00848337179394,0.0488970686554813,-1.4153642474292,0.191976327341293,0.4998321854054,0.142416734252373,0.201420763376803,0.661509821399899,2.04691124434639,-0.727535421319979,1.70402360288196,-0.661653748037872,-1.86237370939896,-0.318199248385922,-1.45680888418456
0.541735239303571,-1.70972775295725,-2.8075709050808,5.76828223871349,-3.38693442716571,0.374839374932578,-0.876225695021391,0.492854739983748,-5.94945816491189,-2.56157418115147,-0.429163102192836,-0.679861035741512,-2.97185869863206,-0.589477341285937,0.795603310388901
0.928561334636532,0.429105701403487,-0.749875694025444,-0.473177889308004,0.46888433228212,1.84069507295153,-0.89505550323741,-0.214132482786262,0.782537930500871,-0.52227115177624,0.167893596993507,1.79055167012377,-0.618847490066709,1.03336187286212,-0.719262851618285
0.811979541826702,-0.0151820213009097,-1.66151542881379,1.80563379802602,0.0668315103257747,0.26847590338143,2.03262299769787,0.158229908205712,0.503770924322669,0.228337239691791,-0.862907271792382,0.681468616847696,0.878789553039384,-3.41467791938315,0.304450414331752
-0.987735221943793,-0.994634584257991,-2.1097105600695,1.47981308496018,-0.0020044597286389,0.591116424763344,-2.01029252995981,0.83667441999077,-2.04519766767918,-1.53317628657957,-2.21011854447069,-0.182458158028766,-2.44241978929196,0.846850748371464,-1.12426840272497
0.743106201468338,-0.337390875765764,0.154932737362592,-0.544586264412502,1.16145169798835,-2.68984476477515,2.39667362420335,-2.15825747743423,1.97958766488581,-1.23297509176825,-0.298697355817212,4.11613383360564,-1.45022939506054,2.03687912156538,1.41497107662207
-0.543185270862971,2.18800951487649,-0.550720270424372,-1.85673913897796,3.04891045968768,-2.02205086205683,3.51319646222792,-0.359508659552254,2.46053783372744,1.94225523400873,1.09734898293574,2.15896399331922,2.52906629872117,-2.50727679052411,1.25160370049437
-1.18091910315887,-0.00326915139427035,0.0664281198926191,0.229244629799964,0.589984399654013,-0.2863600018948,0.00751990476650726,0.873108429150927,0.359537974323404,-1.16307350971152,0.309454814479151,-0.998058412398612,-0.182716778423065,1.02433977470186,-0.200813395076475
0.99307420489879,1.59990054778588,-0.975632660766003,-0.15658437107132,2.53147426209967,-0.683203241592685,1.88081067452612,0.153559842288508,3.84049985655723,-0.260788990741194,-0.330780478268905,-1.60712588558335,0.508156035925194,-1.52196466920534,0.234043864757065
-0.644282721814523,-1.04838369718027,1.35985343993545,0.488859407261669,-1.86161743791809,-1.30183496994075,-0.450038577101074,-0.854928447246572,-0.471773579645816,0.817369137021102,1.79863929768502,-0.868494702115849,-1.85701463037301,1.19164363993843,1.64355232564649
0.190072498713687,0.634576160258099,1.60391789117311,-0.938503252991957,-0.757503508046066,0.669947813457149,0.395723898342965,-0.0811164479904585,-0.882146697971782,1.65273144826086,0.137257597601373,-0.644713399625664,-1.63068027625408,1.67165671790231,-0.567673939269635
2.33972235011838,2.09068528125389,2.15371127834341,-3.17266505761353,2.60359731454925,-1.19158817153488,3.2671082915068,-0.704047149584614,3.45287645467138,2.01512746703056,-0.547463416582099,0.0172650456317208,2.12261544394281,2.43819652234064,1.51690941788046
0.657374893460826,0.853697345705746,0.164983849314172,-0.730267629921639,0.821306372424791,0.811018726076458,-0.136394235026057,0.419348929450442,2.47457421435787,0.0569254375584054,-0.227155908444347,-1.50695350838955,0.412395725954772,1.02890538217918,0.431510922276208
1.60756132577393,0.44736174940587,2.21129903367898,-3.15742697522991,0.889586278266426,-2.6824995257354,3.23265935755077,-3.73410990101181,4.14037693087789,-0.853743016784856,2.98364124289374,0.988956078535647,-0.760228721279506,3.02419039167321,1.33011973186254
0.947492806054279,-0.400854121625742,0.36713019001656,-0.505980613829668,-0.594679249100615,2.30051060165672,-1.26039144144555,0.818438217064538,-2.37046552717588,-0.337675506679703,-1.02106307459194,1.82367966460578,-1.07495136342754,2.51106180259651,-1.93691904011835
-0.26650149151403,1.4044965012434,3.74271475874788,-4.46739683880727,0.361856718351504,-1.04505751374673,1.76054974875517,-1.71201807225126,2.37469982925092,-0.436738818734598,-0.131526432395453,0.0447950880572532,0.281241865026898,3.76775354213312,-0.282353554002206
0.34428010794787,0.217323517195383,-0.761313303260083,-1.6908332453716,3.24440975126714,1.11479073165299,2.30279196707811,0.973812878221596,5.55643546400055,1.52523413513128,0.760317397068987,-0.484950179600142,1.26422956406011,-0.652505374970888,-0.961497602890746
-0.00836713510859052,0.861423930660463,-1.02004132933858,-0.60097819829045,-0.610390865940653,1.14986066876454,0.0583268122581381,0.823773149439042,2.80472720077121,3.93438418763491,-1.25954765893175,-4.26783546940912,2.59748687443905,-1.8634855537969,0.744114698503666
-1.01131828562799,-0.913534187867911,-0.351752761022525,0.590407297876099,0.835418591528053,1.24904988244744,0.739456997791366,1.61984118804655,0.0688610357373957,0.176125124792781,-2.90988391167385,-3.57346301680775,-0.603701559447736,-0.322575778062822,0.434115856437137
-0.941857390959333,1.18810202419605,0.0564766664882546,-1.78874109893322,0.428061484651304,1.31829749038673,0.781050866909008,1.73051884533272,2.55956648238164,2.06315134325345,-1.74269275835473,-3.05246476962024,2.62889636285444,-0.296111477353897,1.01115186421975
-1.40743481680221,-1.12611924420235,-1.13898994514206,1.47651317587868,0.00560318262792517,0.0437087888128726,1.55380887213527,-0.0629181044456973,1.39139930283239,1.25161645428958,1.79156253551031,0.622128449329236,-1.44627629290936,-1.41955412180981,0.419013485322226
-0.362773085661854,-0.368354448070984,-1.41381784581665,1.88445004257667,-0.18712479821424,-0.366189739239367,0.00863555021744798,-1.39591621008315,-2.44708736183306,-2.55086444972801,0.380790672689589,0.841776050432843,-1.4930078339796,0.0050464906005758,-0.189506668043323
1.01330895382176,-0.582595093138505,-3.34390205549855,-0.52800093029913,2.67803560219129,-0.983300626273584,3.80286885677955,-1.15165370386825,6.38664102350184,-1.05012781440921,2.24990893547571,-1.10729596249811,-5.22141391823048,2.20158302277817,2.8860031450046
-1.04087453015332,-0.450144461169344,-1.35836781297938,1.37260269391495,0.996401034095248,-3.15573798147411,3.79270149542505,-1.52875602846615,2.64207982301263,-2.119736698386,-0.70476178668269,-0.68194563262921,-1.75552865626174,-0.632479450957656,1.40505558243855
-0.337404888322649,-1.2770516855791,-1.49331457376336,1.86756369275581,-0.627468340861128,-0.31635763614499,0.991251710108821,-0.158473085961769,0.052728676641297,0.164604294924394,0.346250297686606,-2.47232922964521,0.456667232997478,-2.3627260767928,2.85717143911846
1.22471341885423,1.21749673979932,2.12084557495096,-3.48980225093943,3.30128699276979,1.99603708908859,-0.357612954907116,-0.0550441602715649,-0.348087785534465,2.95889662344353,1.02642355539488,2.26980284049344,4.00858458371172,0.746233386226131,0.0827687367579735
-1.48271247261004,-0.161794310180889,0.691995349017725,1.27080389261493,-1.92196037832275,-0.0648407909578037,-0.386256958036269,1.84700933419684,-1.52418136936382,0.539604087499063,0.598198547937082,-3.2741935985656,0.428713921467402,-2.39054451181875,0.0480815307174008
-0.497116297547289,-1.10092129059746,-0.524449104718043,-0.600296454826101,1.52896704110979,-1.3683011071643,1.78106598529511,-1.3136631222949,3.21852736354998,-0.154616471213258,1.1685602578105,0.493807474798134,-2.19667727557124,2.69520435696339,2.33528453830951
-1.0724750076249,-2.68259997935127,-0.656907989232105,2.41035147015725,-3.32014026471046,2.32062333771057,-3.55373234853354,1.74163456936656,-4.74198668249196,-1.67371422320046,-1.87690657606407,-1.84663788229474,-2.3839004411632,2.17149309358919,-0.689082797889044
-0.815496172218847,-1.29440323345341,-0.543390282271214,2.50546906735565,-2.26880704794659,0.0151584307874481,-0.762141105901347,1.05009911045278,-3.85815537652183,0.592566824657466,-0.0407909677616243,0.638219006870831,-1.68785709239295,2.01542559235894,0.0993680654320235
-0.578133092984859,-0.315558656415422,1.85257977608352,0.811088405335621,-1.75178078987394,0.813734911421525,-1.01453784636916,-0.791865816718375,-2.70139277597243,-1.10342225352419,1.61041767529499,1.35518575351385,0.623835490489598,0.123561448047716,0.362404979937371
0.202897716588524,1.74745506440926,-0.539544130696151,0.283042827522408,-0.672435955606474,0.539482761833951,-2.16298532422563,1.04588122129924,-3.15579133733603,0.220543404614697,-1.59613248531755,0.962504749410137,2.50874655362144,-3.95630068647182,1.22959145889039
-1.0206451497591,1.23885072312859,-0.216999012834367,0.930208994799736,-1.28518560089313,-1.43675311368235,0.853680943098159,-1.53029874653685,-0.880112781412433,-1.40656174191568,0.617576736126924,2.09549512398111,0.786537584098804,-0.730629545700716,-0.44534522579946
-2.56136937755689,0.477555594662575,-0.555725469140402,0.275273762019443,0.728507524834531,-0.795927055069022,2.80016144338007,-0.645599088397393,4.12934624748845,1.07349970350097,-0.0532980663612582,-1.13232137293728,-0.192881761311783,0.424805970994371,-0.43398768661337
-0.94049206605921,-3.08191329320346,-1.37465545513664,4.02788854465969,-2.75387901233643,-0.0413229278966779,-0.735115728620016,1.22676355479172,-2.87494477645851,-1.04031976323837,1.86270016949755,-3.93684220353229,-3.69174519999765,2.13093009224296,-0.04835439778063
-0.481371303430248,-0.370543147473085,-1.25104426320447,-1.1076943947273,0.301120371209166,1.81970070273975,-1.36205048267401,2.9253165584583,1.47606025709611,3.16675376202716,-1.12107531424812,-3.29576117941052,1.76392707524031,-0.289723936474206,-0.92634388965643
2.10300077854827,0.378778316891354,0.308503191626901,-0.754451563300974,0.686077578143159,-1.94025616012149,2.98063728663136,-1.00491182960731,2.70402277091938,-0.379846025492314,-0.689289673728637,1.82680085300471,0.505552182611182,1.55546825160779,0.441161405519066
0.242533053070615,-0.446915959724014,0.192053786345784,0.0572712376521464,0.136833415668053,1.50748146826307,-1.27047056360968,0.943063825943493,0.926306158801336,0.599926659303426,-0.617464276213492,-1.61684992481613,0.811060405633216,-1.26814393036529,-2.54661617027866
1.37181746837264,0.852171611031637,0.914425263211435,-1.34612470403655,0.56050192306732,0.382007027129904,0.104388620661253,-0.341913726805436,1.33228914598001,2.13445817834635,2.24920919117717,0.678237033443574,1.90574752369166,-3.6859952242696,0.689249483044981
-1.16862643051079,0.757422760371882,-1.31452528168611,-1.27613224433477,2.67935366499476,-0.456479344211575,2.33106015799156,-1.98983341132487,3.96029034209511,0.329431912084716,0.251295417220862,3.21235188696443,2.01983937615172,-0.989669161170862,0.510201201946991
-0.408790107082882,-1.19651362085517,-1.97160456913784,1.56807571117716,-1.34105922915457,-0.78917707008063,-0.502662259394219,0.33804461564734,-0.360906181109019,-1.07492373745077,0.464240167946535,0.397472514107901,-0.0303146145380886,1.51800931590356,2.29701142480751
-1.36389207572624,2.17235246038451,-0.264365776941033,-0.287420862384091,-0.183804755266207,0.826542801371622,-0.343186488395887,0.740806841252165,-0.815463660601577,-0.116874825476392,-0.848215038943312,0.236451520460422,4.82362801077274,-2.27871974696045,0.150438686794639
-1.9311898770185,-1.09452688751787,-0.795740020308942,1.83096374569512,-1.26422710552822,-1.40443165082327,2.25500198620612,-1.15482063766516,2.06404227771717,-3.53428072796952,1.10626049620154,-2.91758237640477,-1.97104598022146,-0.698406968383305,1.24763256258203
-1.19237324568439,0.688162925642492,-2.51952282553509,1.68858636353625,-0.227379839858008,1.51240503236671,-0.147520193648912,-0.082557222094915,-0.880528245453752,-0.0350598473342767,-1.06297870778349,2.1927668629722,0.465685464454543,-3.0290007147682,-1.44818664216861
0.284099204899603,-1.59584458175587,-2.31798621652041,2.94840354465892,-2.8150554581581,1.22422679004221,-2.77369600261852,1.62672600558777,-2.69645809704675,-1.7175238314375,-1.43606700369277,-0.219836345059784,-3.5967488621723,-0.283252893890815,-1.3776767835952
-1.03214410225813,2.44818806078682,0.874695929737405,1.40382476959727,-0.923716455702923,-0.471812555762334,0.556360351666151,-0.312264781301789,-1.13746810638196,-2.63279461007254,0.896312131696401,0.784276545490169,-1.16309665582105,-2.35234422955833,-1.28659171168956
-1.15331736234524,-0.297643484357797,-0.264639900389917,-0.887071791966229,-0.248947909058536,-0.745344815487933,0.492769912665752,-1.44333002027633,1.88579754441687,-0.239142447787401,-1.98502292161002,-1.03802293169252,0.924452426864583,-0.644002559595066,1.73377329502259
0.841356983608071,2.00085476353382,1.31249802485202,-2.68303714351628,2.44087246348529,0.910557248181359,-0.471942548921072,1.37221117188712,2.15568710900563,1.19432317021939,-1.30686279598155,-1.94607451085126,0.511173671028402,2.18840378769587,-1.2533625112716
-0.258721009390825,-1.18704312474583,-1.62577816682373,-0.58934435019285,-0.258254660860924,-2.2989823643068,1.90560236224279,-2.33981748995206,2.33812960965684,-0.708307207606256,1.80052687343762,0.0934027682520758,-1.46575816421316,0.355123184054094,-1.76036490015217
0.671467396064478,0.589795596956068,0.636979011654528,-0.190568631924586,-0.49664827120931,-1.08499152113629,0.864758596767035,-2.20927403233657,1.08244277514556,-1.21586279961031,-0.421549609019952,2.62583496499286,-0.220100276604383,-2.20371891038697,0.494128951642256
-1.48574138598696,0.547055410137832,0.957382784187214,-1.1490805063728,-0.677476900068925,1.31718198559015,-1.84426754954611,0.469778244058081,-1.0392763010061,-1.47520787284093,0.0787533068200036,-0.966210425894204,0.290131558777763,1.00512412190982,-1.3651454616931
-0.114878298525191,0.0808035529653708,0.391070955125181,1.40639926110941,-1.06173799048172,-1.31930180488909,0.73529803305013,0.675693489763823,-0.874469196843571,-0.593881895847994,-1.20217093166727,-0.297614826404577,-1.43581442220018,-0.780766699407763,0.529234454203189
1.41684052075554,0.81706722709501,1.81154047394567,-3.13141846193865,0.991050280269932,-0.969027984128615,1.36797698824404,-1.08617160418139,1.84735374314136,1.18494134771778,0.810471937920006,-0.496680635070382,-0.304376355347082,2.04688488718594,-0.00480423305597189
1.72587359639899,-0.374716945991553,1.02477131548957,-2.85463527139161,2.81533041726904,0.0577273898531002,0.462288768145286,-1.32241767881853,2.29436783838988,0.930654877249313,-1.06072692680353,3.49417660353616,-0.473141476634278,2.65902884790227,-2.72643620573998
-0.735094438488215,-1.3995978824538,-3.0366736147571,1.40166446319686,1.18900525504558,0.558168903050126,2.06457657162318,1.69264252649208,3.56753768280333,0.459642800317892,-0.714166376223116,-4.06080753299225,-0.612343488751005,1.05718671244367,-0.186904821971524
0.706293922095055,0.369502762751363,1.94812252031422,0.044572713348489,0.0213114724650743,-1.21328277750979,2.12437676679579,-1.15873724821,-0.915931098579379,-0.0479762160342804,-0.941532075636102,2.08115334191051,1.48979267676245,-0.477565639046121,3.00180222835364
-1.73901636039789,-0.135379394800506,0.00784278241878133,-0.299578663455836,-0.0407083636383795,0.00290503706882728,1.22033841585715,-0.448987074555064,2.0077361731165,1.68740311946422,1.11830949715433,-1.10201061686022,-0.269955166814476,2.62517855551231,1.0818679979192
3.03271875387636,-0.487212084865039,3.51158075194749,-2.29712512812628,-0.220347869130417,-0.261503696407202,0.933553266981128,1.5165506999486,0.918800536536847,1.78080741532749,0.324801088648223,-2.44169952360574,0.625341626804612,2.86780902551697,1.47346922541503
-0.443784346613933,0.623454514946725,2.17487661370673,-2.42802720985737,1.84948207339749,-1.43253306181031,3.41178060086471,0.627066793895139,4.63653856929987,1.45580075496726,0.461332891135365,-1.83018593126697,1.81472832092882,0.227238188228931,0.33300964728725
0.457020463834791,0.419912513829513,0.456705700403539,-3.12335558400483,1.05571287194077,2.32897212933957,-0.803721415957447,1.55696931554895,2.62372685817792,3.68355120495331,1.01215080370898,-1.32760108471161,2.66573678253831,-1.53378228286412,-0.105872615564425
0.274615717907566,-1.34680494167952,-0.40580606509631,0.524360033223686,0.356250110295221,0.378126675916727,0.486102745261415,2.20622140990819,-1.26125610873458,0.643222196050954,-0.743822096654365,-2.04199594600663,-1.17085496215203,0.693130372194522,-0.800286651932043
-0.843332944389471,1.18846240519715,1.79445430957029,-1.23776553969074,0.516939938496511,-1.61883910735582,2.2255505973151,-0.849779180463739,2.74644650377084,-0.702436923408701,-1.63119037686452,0.210070650071833,0.738140261243929,-0.255862128104264,0.802204835807533
0.787546268982183,-1.1262897040809,-0.656263567064897,0.0485133809412503,-0.283620941391024,1.80407939772029,-0.779667242888529,0.629094811858827,0.440079157664851,0.907893033780421,1.7171858136332,-0.427944520728851,-0.232233624389881,4.06561725212856,-1.26507497440373
-0.271815522307598,-0.0397013715397648,-1.89870694552122,1.11745417070907,0.401884094180029,-1.22266565694756,0.924703974157147,-1.01566223201558,2.01929154942036,-1.15883567396545,0.517970454583636,1.07481745552639,-1.67700795354726,0.0823976165599427,-0.863332899684013
0.083707445821688,0.932238889972372,0.190770471105872,-1.22112598448481,0.519995152689047,-0.146308500832651,2.01414408202001,0.380322062994273,1.42531846544994,-0.137922987969064,-0.850674946709031,-0.80981440668534,0.928793928118326,-1.93566393133334,0.290037146192876
0.452286860862656,2.77701324888281,2.3504666526038,-2.96456794385829,-0.611715021277056,0.0144991207383644,-0.376868223636927,-0.449887710077121,-0.856131141038104,1.11021718657061,1.97503823696321,-1.0291594806048,3.57491167310461,-2.9031364959965,1.21628367680206
-0.540193380572117,-1.05738190094128,-1.63607264946849,0.444732694575617,-0.00573961064829494,-0.390989226145412,-0.0912184288643963,-0.922190313019729,0.680377794903358,-0.37149846943407,3.65903478469016,0.906947009129917,-1.03451100066245,-1.00097507788029,0.0243785167435902
1.01195401196311,1.73174984427754,0.258608414441901,-1.66896229161463,-0.305643722438137,1.28355224288031,-0.467378245371238,0.89552855985421,0.36978566265233,1.84000799675354,-1.75563380673209,-0.639646708249784,2.24118868264402,-4.46058511925063,-1.23893440270492
-1.42856256862651,-0.822366179301064,-0.594311857307572,-0.262150062625911,1.40196607844829,-0.0117037782225847,-0.813015062402187,0.304686617462717,0.391051731100455,0.0734614980581891,-0.797618699328742,0.72849896258784,-0.503317856479411,0.912979706486812,-0.537545930847499
0.483757973517081,0.627003776228881,0.276348814041171,-1.66876791143893,3.34732550571075,0.272989352240935,1.11658166406274,0.675598759500674,3.67988919620185,2.28832079883284,-2.29075490721374,-1.09111135021298,1.01271025302651,1.00427994588275,1.084531746787
1.39050908447242,1.81626933554553,1.50542630418893,-0.483046732232169,0.916999317204405,1.33001819487266,-1.46473710635025,1.59282093714147,-1.31555322559572,0.892294291847667,1.70340088532667,1.1361002360615,3.10231104432293,-1.5990844205011,-0.591316571763794
-0.978826502606024,0.00647944132397944,-0.321853714702391,-0.53663560929224,0.722532926446455,-0.751526953128549,-1.57918985379056,-0.501011905013777,1.06197337343339,0.0410550091561555,2.07449469245505,-1.3809372758364,-0.0969082074104263,-0.0781330781560038,1.04473337104819
0.48352188939816,1.04656347093881,1.9991773822192,-2.2352186483051,0.811136629605016,0.16649163658149,0.0688970151767828,-0.702686377194176,-1.15078489645678,0.386561219008605,1.14937195721354,2.50321980842116,0.399015616221931,2.09271878653555,-0.244401227613355
0.885155370481227,-0.891643462310957,0.74966236518698,1.07895065259767,-3.20054594191259,1.0052388742167,-3.59545685009883,1.68169540472828,-4.95270610392882,0.399438944182045,0.104246098858265,0.65378812913291,0.486592498413203,0.297880360323414,-1.44150777001455
0.237360702314647,0.665598261728619,1.43435313648728,-1.18889423382753,-0.057711468239796,-0.297576544671784,0.37149794046594,-0.0487170316581817,-1.8627741935906,-0.188152381640929,1.69862924371209,0.540159788430071,2.00535437955327,-0.451874367351907,-0.185736454039547
-1.21238030584919,1.29533911902993,-0.504344249823468,-1.02160427713299,2.87009677084663,-1.76688546517459,2.01291786856859,-1.96237843629283,0.984083013980378,-0.738819317335427,1.58126657625857,3.64126701693319,1.55655699595763,-1.00858696873959,1.83059830503575
0.215810279697651,0.970668291428941,1.95096125044753,-1.58696986728468,-0.386470421153006,-0.0123767625147764,-0.749557368947464,-0.2561923600739,-3.08615529484177,0.678091627833137,-2.59034633421816,1.40731173708788,-1.23881605842742,2.04612698612843,0.131642310687282
0.569384545770518,0.0259308500815715,-0.820921699314947,-0.112236304668226,0.0844604312377696,0.644240934063374,-1.60451968918257,-0.136165513364286,-0.528824896536307,-1.09250810452442,-0.57278538224198,0.738383404153203,0.152873608279656,-0.596878134269802,-1.41094404066326
0.522421403394675,0.108313434397225,1.12094933608846,-2.56738664683427,0.843926687065291,1.88965755644068,-0.147461906594118,3.13694368773169,-0.515925745838849,3.0812576093983,-1.61111538514751,-2.14176903393039,2.50558404909006,-1.54340217678934,-2.6939002583805
0.493971578706733,0.267717045768516,-0.141756516044591,-1.45611061022237,3.34280247227951,0.275462523710799,2.87922845881171,-0.432490983744812,2.54629555270069,-1.37288383118356,1.47244083835852,-0.31289522489671,-0.649279204132906,2.33574548725141,-0.25224090568484
-1.43529569192088,-0.455057023811018,1.40711822896893,-0.994304767885969,0.757480835180494,0.260692753024086,-0.792033614271748,1.05569324059248,-0.260843788309666,1.19728714852499,-0.933564186274612,1.2047028508976,1.53471733229245,1.51259550977479,-1.15362376162012
0.363588754435122,1.37627671051769,0.71650876358564,-1.68852185440729,2.42733572426335,1.01877281321962,0.962041218709647,0.0430876119278,3.15035809212545,1.64866364792641,-0.308527375407957,0.232163686016884,2.33664287928134,-1.84315878794551,0.536587431005644
1.46969455101915,1.00130318895967,4.02164695594991,-1.20127631213917,-2.35690105583516,-0.813061894323406,0.998599112186912,-0.862958572242224,0.831753692278708,-0.373123177928335,0.12063555290185,0.464609205720429,2.28317917210438,-1.90770202915416,-2.09870322876567
-1.42879316403421,-2.10549118169227,-3.93981939143127,2.33255223394156,2.80503507286179,-1.60519155982377,3.82856126698708,-2.0060725712765,3.82183917285241,-3.47456976317272,0.381222822015842,1.25918623023522,-3.55057714978746,3.51405655696855,1.32095858464827
1.80055130307474,1.87510656036115,3.96814576950124,-4.04195327237223,0.910049938849122,1.82266386598663,-0.448310055175389,0.688637129339836,-0.859070668457152,3.65200938945503,-1.4654153398542,0.715511605854533,4.08254399579579,-0.470418415978417,-1.84242854467798
0.112520657856681,1.429541277047,2.79638765065671,-3.43205096279508,2.2596000478191,-3.16516519469837,3.92132168376513,-0.514304608470464,3.45504027620844,2.18717626026121,1.22094433048116,-1.52070611186815,3.89452442034037,-1.35981855452692,-0.584528591641537
0.845087573127885,0.172703718966548,0.408600270454344,-1.62622424011507,2.69155631629654,1.49362361176324,0.828729413973116,1.99470039328433,3.31483897107986,2.8596475455323,-0.849088727142795,-1.94899129232415,0.990554425837432,0.18020004939124,-0.394802209188308
-0.436096286501404,-0.34600513330026,-0.610056653444642,0.272276534865031,-0.755905803517219,3.13290998017183,-3.72811158480868,3.10140776725522,-4.51771348114074,1.55013224078993,-4.21639136343273,0.313859172833079,0.0981126513830362,0.163185449146389,-3.26225750870091
0.511398098570373,0.6562798538693,1.43235623806622,-0.643849014800759,-1.16620465489468,-0.391088630241048,-0.61220858276692,0.815099057031024,-0.0446629447788999,2.86641434070437,-0.672220270015972,-4.95539662001168,3.2989502124241,-0.845145996047057,1.48595096685775
0.964920009350342,1.79390133129104,1.61907460349482,-1.80569124656064,-1.26089938420318,-0.229475637648396,-1.82799395825158,-1.69052170943273,1.47314928173587,1.31715930703209,1.61656641733182,0.458798594752451,1.91680305808393,0.650781815959487,-0.5637321494782
0.261999501508552,0.438161843966267,0.413543981659303,0.0422549739164594,-0.469353611990275,-0.00935060323433822,-0.293525653926116,-0.615526545557171,0.617834169340798,-0.656947955061588,0.0551992204191403,-2.02735269984398,0.546858434825725,1.81496032007502,-0.0670812377801284
-0.257284894775134,2.51441736982382,-0.320684173899415,-2.02967315469907,1.78655238645659,1.01428983520867,0.72037305527958,1.67546492792997,1.8339353124893,2.52722187659923,-0.297905771709164,1.9650888607422,4.68537045446556,-5.28599112722897,-0.141176037291837
-0.76909426807746,1.06114655961622,-0.418560347215577,-2.38949439777023,0.859472269955869,0.52719229414399,0.74553431152585,0.166020841247626,4.73934705654782,1.16224660589144,-0.848471347773199,-2.94458497971625,1.04422402355525,1.41280184909031,0.738541502382035
-0.304144706354028,-0.0480270664268831,-0.837317337688888,-0.322751879107387,0.798908008031711,-0.649691972571241,-0.0871621756986598,-2.17733533414449,-0.403777791440219,-0.698684068624311,3.25269821099132,4.08623626655512,-1.65581887948019,0.894333165441928,1.53132442112556
-1.67928587273083,-0.0687954730514612,-1.45751332388742,0.240764582439415,-0.744347104897968,-0.840711704508151,-0.982934987427371,0.507187947899651,-0.183995199322452,-0.110901785315914,-0.216553101782895,-0.0761468044479115,-1.85851636076152,1.20052889692776,0.0163238799991665
1.32977692693746,-2.70752253250607,-0.116455042735739,3.79861267462649,-3.35688416301005,-0.660916152025424,-2.05791070701596,-0.303578682012723,-3.34473635844156,-1.76389717664666,0.821812174347641,-1.0921026717371,-2.04010356399592,0.197340722497555,1.48838629130909
2.90246671519339,-1.01984146375847,0.528002519712637,2.30005274193636,-3.60696599149925,2.61363423821206,-3.7105505439669,2.04012878416224,-4.04645271869512,1.12512511027394,-1.56777774890074,-2.46687595469804,1.23325584163205,-4.38966719730323,-1.49267307654036
-0.7839277530489,0.139954727581565,-1.13666296535362,0.221444789689339,-0.283026915013962,0.384332731203375,-2.1794757615588,-0.59897131048118,-1.91380576194893,1.19826529623124,0.294199125718299,0.215659466382182,-0.255760758515963,-0.764940674818038,1.87655443110294
-0.413391033905445,0.152847232187911,0.710621084729412,-1.78872171826372,1.38008979622357,0.571096947197359,0.899042728867153,0.153748607284656,2.3697696181248,2.08704267926701,-0.0358861389938109,0.210991060531444,1.93054286223349,-3.04003796440723,-2.27071392747216
-1.03047724993899,-1.13704772871595,0.175703338728663,0.807913612020356,-0.43920609068439,0.0610807970675606,-0.164469025143571,0.861885874974414,0.0650811162227645,-0.119811192324169,0.67518507277429,-0.712694198274176,-1.07161297328919,0.565610095994147,0.380516815999955
1.87565015645071,-0.880862722274462,-1.23932400753636,-0.451165600489612,0.721497080149914,-0.478322487115559,0.846475255343753,-0.746732915533864,-0.0911334731461058,0.775063300505041,1.56717391433192,-0.599339630468944,-0.814127451284859,0.55008842811776,-0.0536278747296399
-2.10023790648109,-0.114324159723937,-1.25944628200891,1.53877543625583,-0.402237698734928,1.78580021119759,0.137079704398129,0.332978369879876,-0.0231027015294943,0.566105054603133,0.779894413008634,0.651359819256747,1.14466595240804,-1.64729050177348,-1.46732608429869
-0.888057459424049,1.3720040194437,-0.180844803026581,-3.53738467503645,3.01690833705438,-2.67211543695214,4.24419453953496,-3.9199742063309,7.12221289975293,0.281493494957416,2.73370677584278,1.15994286418475,1.87210972364222,0.825947676089003,1.25817143682773
-0.539276915847397,-0.907432498336827,-0.435087680431849,1.32746133510842,0.162220050058168,1.73032401607369,-0.854352411022135,1.74291444643406,-0.9839236481249,-0.471220134775812,-2.36955092663536,-0.419691929053843,-2.86834672198273,0.0304078530285987,-0.552921837475808
-0.323192742269016,2.95078057033739,1.17631680121926,-2.97457947989623,1.08078078932553,-0.386662359050501,1.53534214347821,-1.1143296077371,1.34871842815078,0.200321321389068,1.01482799201769,0.647096957746045,1.93860287873342,0.628660661244183,0.0465249452739753
0.815285843723641,0.458430403848905,0.506236397442014,-0.1249972687308,-1.9481306358809,0.929029475831883,-1.28935123840205,0.260497120663798,-0.372578829779897,0.0616102514821447,-0.533426508898291,-3.57703445072577,0.89834134860174,1.34201046337744,0.000436161470637198
-0.804583881060416,0.268936643856241,-2.18610243238029,2.95393694046255,-1.96967134559074,-0.392712116708573,0.0142182388886836,0.890098801152978,-0.483979050626988,-0.381071779016969,-1.70134577061697,-0.534668956615293,0.579427911592169,-4.60952359756253,-0.0932002489758755
-0.918199190143173,-1.31373494259328,-3.14795078212873,2.17692637490033,1.59471478370388,0.670538548002615,1.92075542242886,0.793792696445422,1.15040427970617,-0.508828866636147,0.464098731719855,-0.252932357166934,-0.76876134860657,-0.443579326200452,1.02657101441604
1.1095565334349,0.52984996969276,1.76548403300825,-4.16491306487332,2.06435081977097,-1.02127213539979,2.81442469978902,0.383514788987176,5.37129279972845,3.24070879448573,-1.15015537591492,0.384570956588985,3.86244941836968,-0.196502556726824,1.50237669950833
1.24703834960669,0.805342341882467,-0.189684965222478,0.188577546650952,-1.30042990094839,0.1235639456695,0.89714945926502,0.612428536303907,1.38636261707636,-0.624652474947541,0.693142593867862,-1.7836218686786,-0.0317743003510541,-0.405583131758169,-0.516448077475513
-0.206835822327786,0.460903259877782,2.47499934236435,-2.00973056932425,-0.373897840075119,0.476832511681074,0.60664222483438,0.269916948014636,0.114448556130356,1.51244864041202,0.305085630787925,1.94403298375302,1.96916549643018,0.826210069757232,-1.6872979325808
0.125503965546607,1.44238881163464,0.590916594228829,1.51318829937269,-0.70664808819657,-1.95893016848455,1.83126704522878,-2.2514536702529,-0.234315052857949,-2.56908829036834,2.43528567068127,0.685201857182821,-1.44242325491712,-1.07027142687235,0.799863398154128
2.50712180448075,-1.24496151370574,1.15293349259773,0.553292659205382,-1.89916280317719,0.89012044526111,-1.30131177165949,0.623527112969876,-3.31512920062181,0.759840103125342,-1.37254616553151,-0.586046751208531,-0.327537993234193,2.1302168434024,-0.902158454891852
-0.575673074896179,0.765668824715428,0.767370227966755,-1.47544729907666,0.483551047827296,0.848397617260918,-0.950054248957791,1.91319048594635,-0.171243185444434,1.23840473688996,1.16491213956871,0.255200482019582,-1.47209892512478,2.7270303671532,-2.30189937833807
0.978468096532122,1.1132778621617,0.275185963794845,1.47514975623731,-1.08911961375035,2.56533628380654,-2.76239357837744,2.08672868554955,-3.09832935503996,0.687323468484941,-1.05540177483455,0.604613337933393,0.65093432049557,-3.15141535980525,-2.0314557550774
0.0214216316794994,1.25706318283319,2.28524271876783,-2.68799486310233,0.0922843292533498,1.83242667893983,-0.515265183944339,2.49836856296664,2.50836520655229,3.019608563251,-0.833770640543087,-2.90004449192289,0.896093672819405,-1.10382367470065,-0.383800034243789
1.72353604478234,0.604074703935747,1.16664185297815,2.53380774725638,-2.36463871788262,1.52268386841828,-4.73836592034484,-1.0509867265986,-5.96034379757191,-0.632023733236013,0.410143956307621,4.0337177230225,1.46819577287566,-4.68330043613013,-1.23890911216607
0.425304075080204,0.55111933146732,0.572671462922275,-0.288261363379932,0.683096687430211,0.416913151378159,-1.97077423229893,1.00337623303995,-2.02735747491807,1.33938564310501,-1.18579372130191,0.0599064528199503,1.62720652127667,-2.30758996052666,0.125033327501587
-0.952352116019051,0.0442630447395406,0.768982983921601,-0.582306142338241,-1.42109614957665,-0.812707635771154,-0.210373051028362,-1.22961245173131,-0.742600307673292,0.878816842800724,1.1722090377309,1.32131103488317,0.260980784090196,-2.49525842032736,1.40726518098652
0.152869437260392,2.09192726063355,1.28435715333465,-1.46166458428533,0.364443103761524,-1.75396639245609,1.99492633655811,-0.683542797608041,3.38155661044137,1.10200095600305,1.94446816907864,-3.32535654381204,1.53393439315327,-1.59749925917093,1.69321824691098
-0.664016226768035,1.79556631577211,-1.55542497563686,-0.0256886811280486,2.15519339139425,-0.449543741937226,2.65628205510704,-0.254462691731964,2.23037407074308,0.0648461763299057,-2.06859633338748,-0.110969914345084,1.03722764608373,-2.29758140059919,0.439474188091378
-0.0773263462197019,0.798757313888384,0.0922462442448867,-1.09460751398106,0.199385326795366,0.485741520766654,-1.23696450214939,1.12718109491416,-1.26662249261838,0.810028243995629,0.297952071004303,-2.10998977188231,1.02914943271286,0.480987431353758,0.157563651379965
0.874123287027614,0.559280194229793,2.17505494069125,-3.08735780894746,0.719752593239758,-1.27829508794902,1.72317037737978,-1.00325175412688,2.35372142720787,0.589112184824847,3.94680430238671,-0.200988186752464,1.91524182120395,1.96438815966749,-1.04151097094441
-0.847413791068524,0.185593536699472,-0.998485781416107,-1.11769529305518,0.797942483039789,-0.992674441294843,2.82647975604422,0.102089894798298,3.8615980155447,1.11218466045692,-0.0706310634147698,-2.74191146743644,1.0427096498575,-0.238087228440676,2.32878184719932
-0.52509525561111,1.84426067506623,0.420927144795786,-1.94531950527436,0.893952101141623,-2.02718832998934,2.1159364028198,-1.71367528459457,2.4913766019828,-0.56579294824799,1.57319505662202,2.87529635775126,0.126512695584036,-0.515491739896754,2.52821870756502
-0.516657853458924,-0.488878282655308,0.0151713675382722,0.84709301492214,-0.108160456898922,0.35065160177743,0.818840777472459,0.902710411026532,-0.60791083142174,-0.489450782612756,0.217531921030943,-1.61013567991122,0.577749509795567,1.14227401787833,0.962201846638959
-0.19101336047726,-0.272668912458612,0.135535998944363,-1.25998608910802,-1.39348762734283,-1.63092122815971,0.710533546610109,-2.41435305845505,2.34439390493227,-0.0232148208911454,-0.942241732418276,1.522197616859,-0.474768207254056,1.50012174461029,1.86415417808617
0.413250913405517,-0.628181712625321,0.0491124810809968,2.32713565793368,-2.26024638946705,-1.51312901616346,0.167346184461638,-2.13278811799938,-1.46052901103507,-1.39392323928765,1.89075498802909,0.406129301172552,-1.33909453985592,1.5315363671059,0.963500632103848
-0.231420346020337,-0.0670410870150122,-0.34672139284173,-1.49280777445677,1.09997656931324,-1.63208484334072,1.60838346272808,-1.88328954472157,4.56623047648907,0.370589308210584,1.19443588081081,-0.107855494404992,0.68011913047944,1.06908052415963,0.0476155457028312
0.485901497708798,-1.17896806696107,0.299966788887309,-1.2713199930578,0.759851869629396,-0.849639686665903,-0.775063128210152,-0.583598500197207,0.870958319431514,0.972917897148934,0.18934632568652,-0.921343061627021,-1.11907648108073,3.12061257270399,0.643186774473145
0.687153110518247,1.02355084432496,4.14738910432719,-2.98912016001914,0.384062880181892,0.287181661806888,-0.801148745870883,0.481908394357014,-0.544273761908239,0.709919057617758,-1.2594081036081,1.04362257959943,2.53229372638241,-1.47546595985784,0.206858622815671
0.533905970173445,0.0414697873516447,-0.631875748757419,0.305247231197524,1.39004472355084,-0.233606651686477,0.834343985835512,-2.18045485560573,0.288643188048698,-2.14307374772169,1.45427288531638,2.8388438316967,-0.894370800191906,-1.6482813266598,1.84769084454925
-1.74828089419336,-4.14883703116025,-2.31097993088497,5.11099977953072,-2.83749536058302,-2.99248642609245,0.504171693289257,-1.52606451023738,-3.02516466246495,-3.50590764141573,0.299843532303163,1.17983207360868,-6.48534314000735,2.23525031536368,1.93372661807729
-1.49179412890872,-0.776278836731685,-3.04195663838332,2.71005493449615,1.53799739330548,1.39481273441808,-1.18229642576053,1.07862096239666,-1.04056928901394,-1.21706801356852,-1.43625268392157,0.168442749676078,-1.83859689728339,-1.77508769789945,-0.236317300318698
-0.180567605284408,-0.212245726448793,0.284013609479238,1.36275489413282,-3.19485989610403,0.134036782459734,-1.74174910958608,0.92109831576868,-2.7637707543906,0.471805068195806,-0.54115233037059,-0.460269694454586,0.436554415704879,-1.88580725105145,0.764793861992706
1.7720087427092,0.325251860093606,1.08651397514769,-1.60036380490293,2.34398664687836,-1.31856440727343,1.19102832848058,-1.52681326990855,0.493173558433314,1.14384306070814,-0.812627204421124,2.3276419878109,1.3718452767725,-0.387096014353434,0.912853369674158
0.507448920867314,-0.0264726760619007,0.393254974668363,-0.654800374925884,0.751485916146959,2.65953309198731,-2.41463834766107,1.68008270252559,-1.83972590844533,0.438090344707971,-2.03317777428257,0.194725639023879,0.0773049745719552,-0.789190696122905,-1.76962821858731
-0.969249863241579,-1.12478227297657,-2.0762112698489,1.44731101685759,-0.138869662803338,-1.94277208239548,0.614237626834414,-2.42527774130462,0.161497725387263,-0.620297877886781,3.84474502663853,3.64025071330961,-2.16041112770968,0.913619814276406,1.89708326570291
-0.634467408901066,-2.60757041494789,-2.74203815327312,4.37995971281572,-1.52102740184437,0.970535708085667,-3.71399987015605,2.73631841269671,-5.25629618129555,-2.38805582468696,-2.16420083757506,-2.06255404814442,-2.47817646469798,-0.911753825244918,-0.639814428446384
0.158327076220251,2.30823063748016,0.706280087923779,-1.5003652013401,0.412691624307387,0.307292064281523,1.15007589746432,-0.0593152261582726,2.80695933488802,1.01831005071656,-1.92164342181315,-0.708930046225688,1.42538022576841,0.56931808411824,-1.11343657387501
1.12304472508501,-1.92727904252383,0.371069042518292,-0.0517529659051814,0.103794320999319,1.16487335644563,-0.314181185400951,-0.488406131542624,-0.0112532854437656,1.43164116177984,1.50422784218056,-1.74572360723486,-0.442875141254479,1.9174000223915,-1.30244819990998
0.296456556452112,-1.44163440091743,0.36592580459735,-0.908600115610147,0.193483264242522,0.0632083445367216,0.0833331171250523,1.0219888423862,-0.308917093264353,1.06435731975233,-1.26726703252832,-1.57468632315154,-0.899790940921067,2.67914130666835,-0.255937992686346
0.17792224044611,-0.516038668560564,-1.38255497379708,2.87988747940033,-0.808035137065076,-2.22496546052551,1.35178776401419,-1.50908102822815,-0.853793856216725,-2.96238729631044,-0.490823955652361,0.958472050995,-2.33036258795584,-1.45365249845626,-0.148524719431785
-0.788748731780446,0.159854888823201,-0.8811270294518,-1.04494669741222,0.110564209092837,1.62444853470661,-1.27764437635477,1.38059099829638,1.41254759101825,0.0648001588818308,-0.173426286521051,-1.74018339258735,-0.283795529385594,-0.766104219252529,-2.23306041187595
-1.20299006294523,-0.315141279031808,-2.31695612377512,2.68564821089126,-1.1295029773919,-0.40502318361824,-0.0760583177505963,-0.413208490388098,-1.40786068169392,-2.75734895378902,-0.348903012930633,-0.952316896281969,-1.88733119149046,0.975938525423993,1.44201418588777
-0.351007992143841,-0.475491004787865,-0.242131540451155,0.276783806449675,-0.977019414204707,-0.317217241032208,0.00613343294844185,-0.334449452309971,0.589069481690275,-0.622568474915367,-1.21520136683454,-1.35651648625464,-0.28964239152359,-0.833333770835508,0.0312951816160825
0.575080555559865,-2.77129143410156,-0.682180118102113,2.21298180850526,0.296093106508633,0.516958925868573,0.729831652560744,1.13409167223356,-2.29718929482684,-1.43928344964372,-0.981881078683042,0.137520432536653,-3.83978527987223,2.18522771092718,-1.39029298660337
-0.496071029471791,1.15753452533535,-1.05538583068517,-0.729701104843435,0.0308067603305932,-0.269586926811985,1.11523683635207,-0.853960713723185,2.74630687483413,1.44861759023999,0.100580436432165,-1.44772023247642,3.26521183345961,-3.43372658485984,0.53363438523905
-1.50544975912533,-0.983307712506938,-2.02404363686395,2.6686356204381,0.366320267859957,-2.26360326575365,2.8011482937006,-2.31630566188583,1.77726069991505,-3.96178731577958,1.67477919273133,2.93151597942165,-4.7960997362723,-0.0492003946898258,0.6884087935317
-0.447652740461446,0.316010291333075,1.55677878750171,-2.06479784524196,1.22501768179406,-1.45349658895474,1.55348820264387,-2.11434797610136,4.13937136492457,1.97868816290272,1.3349840921699,1.37119185259097,2.16931188764738,-2.08086498993245,3.041799766877
0.569803763608533,-0.879992704219198,-1.80991487666968,0.591280169750261,0.448076963194353,-0.769610493013588,2.43761803725381,-2.67056148454622,5.06841716889634,-2.62689418975819,1.36556748641769,-0.411038799187901,-1.60045648818896,1.35430961551456,2.19774292997949
-0.116633208926106,-1.58296241838038,1.56083343044606,-2.86993024578952,1.22843859529628,2.09185815248428,-2.54038821389797,2.06184124691904,-0.899849989809846,4.55476510599815,-0.55061308586066,0.0995860547088907,1.7483377624548,1.39275398423776,-1.01806930912696
-0.314795308997323,-1.37836305147101,-0.785938786939528,2.30843678947499,-2.309434803615,-1.44677347351464,0.292146329261219,-0.582736837264488,-1.96541025370586,-0.563385639488716,0.671690915401184,0.253364247255036,-2.91643252682651,0.53866952036089,-1.69178499095633
-1.19062214814636,1.71618752820269,-2.2401975834832,-1.6538766875932,2.1536946540798,0.855691805765319,-0.734632027297772,1.878387295782,2.50910792337963,2.2590988513023,-1.23410617567744,-1.49752422657624,4.5482843322501,0.446371592934218,2.05425159162831
1.46998453249397,0.90649614803069,2.34506762890484,-1.92208475046858,-0.498114090617972,-0.292213048403407,-0.16989173411121,-0.883709587250628,0.930836737976387,1.27177656856722,3.06740570743455,-1.31074638419818,0.515428230275826,-0.694810503095911,0.421387370927273
0.620198717397662,0.738735658466793,1.35511508336313,-3.14004629035558,0.752683725339498,0.907777092502016,0.906444757543222,0.0249179858552476,0.244924882513425,2.21932001950636,1.4179071410315,0.202114649916529,3.65488028287203,-0.0141440660110499,-0.555515935729799
0.36876709900722,-0.323701430959617,-0.11012208678767,-0.0982027561309552,-0.309453266735937,0.115794713039522,1.99246268903747,0.290484231409215,4.73347252942442,-0.0396029798868613,0.0940332953871433,-2.64410602948121,0.590337303454539,0.310107403091035,0.27566607989912
2.0613585952912,0.864907924145132,1.70257745578962,-1.69836674596336,0.614424062648016,0.340694480138534,0.600456274604247,-0.238517171606949,-0.685227139389021,1.07301473643721,-1.19982035346158,-0.341972521690705,0.447075799662621,0.632147242552971,-0.448051349413712
0.263677693196433,1.24455213594107,0.738905550372002,-1.47800221429498,0.742598094241192,-2.21774075358185,1.81875437972434,-1.1587789565012,1.39806638440011,-0.733385468109786,-1.65013496299564,-0.404888253537893,1.01574772792371,-0.969562331879644,2.13730596810483
1.05670636020672,-1.10098945601101,0.528637895700491,2.72164219378576,-3.07608434930656,0.121071785646078,-0.323162206989035,0.509587075844057,-1.36999462087116,-1.98365494796909,0.357804450991542,-2.01917369401102,-1.92990031212672,-1.3920991950309,-0.231858747515913
0.265706032567818,1.51134329007021,0.381860571811444,0.122673688095646,-0.734026655604711,0.879068540846322,1.02738422822405,1.81259053556244,0.463661188810905,-0.487364696700294,-2.23384066047233,-1.74620521462899,1.45129549355845,-2.07469675190052,0.139289460490911
-1.04108485900097,-2.81120398041999,-1.14057502694712,2.16045059136169,-0.521330563698271,2.76596814896805,-1.56751085260358,2.65235909575859,-0.277572271508122,-1.71395495707129,2.32725302914409,-0.632852290814267,-2.58861407459192,1.41961148954875,-1.09927279752538
-1.1849169153044,-1.5487583150255,-0.455188367217037,0.608146996067457,-0.295959977179529,1.43901241994358,-0.937946380924013,1.67171270286791,1.32210811132266,1.01101946253664,-1.15289084397724,-1.7070296582311,-2.94972597682581,4.29302843731151,-2.60367568655834
-1.18202554613948,-0.308646609243711,-2.73552957672248,3.59087070454478,-1.51244942184943,-0.147696409116688,0.832370663266558,-0.271148350801026,0.832507973002218,-2.9672785995051,-0.60048870404124,-1.08795378440184,-1.73109380925383,-0.0303069890285881,0.612368580673733
-0.782092984803238,1.49349801334755,-0.369892787416028,-1.10930304946575,1.38638444876839,-0.19738825739676,2.00825059470372,-0.596606587176242,2.26889411891966,1.4853681202884,-1.87706769482016,-0.986978377092597,3.39688345813817,-0.504208625747219,0.694527864533479
0.335201699127196,-0.684758588796814,1.35711138143264,-0.745215151589558,-0.803235280978866,-0.98003911067293,0.744577525523744,0.00845108019665091,1.37471214302952,0.347174051511732,1.95120044596577,2.36335553076127,-2.26500488624876,4.21169417038193,0.742162651873714
-1.09381263062877,-1.14087740824892,-0.61639372262751,-0.230976885273676,-1.29884387376352,0.804557822727196,-0.837116741738029,1.70095234546897,-1.48465754769146,2.33596182373788,1.20100260866707,-3.59110610012333,0.888451165616731,3.70176361738393,-1.28193269141031
1.21810766021381,-1.20697849188788,0.00472047177715372,0.525419108940492,-0.659802628885703,0.87913019855723,0.146686030742521,1.4661910656647,-1.27494336862531,-0.889704261319461,-1.54782839886188,0.200814982739644,0.0839338111979597,1.1524214567805,-1.16263293099061
0.789109738793212,1.82212820715168,0.848479686308481,-0.669134325653948,-0.673655665515221,0.80682467070486,-1.04663051871171,0.76028077945023,-0.695969234578683,0.902259030422784,-1.17985748447938,-0.263898891450563,0.899777977597849,-0.832649389552221,-0.0708188826652281
-0.36984766828477,-0.0867884687613271,-1.53534937201039,0.00727732324796325,-0.349017586562153,-1.71731657965217,0.966475590133476,-2.85596710420202,1.55741131333525,-0.771437123854954,1.48810817392523,1.48318731925681,-0.667122803628005,1.3327974680487,1.15184731472052
0.368063298610083,-1.1126588864673,-0.308244174635477,1.25153465086061,-1.29243734312641,-1.22169728260787,0.0567537821419706,-0.517981262735369,-0.17128000263867,-1.28088175647361,0.0233600503588799,-4.35766930554799,-0.789490722451897,0.27373979673065,0.593398317746388
-1.06516565470764,-1.30384575384552,-3.50755600144547,4.18193973697313,-1.72415849933903,-0.348745850836065,-0.828561740653149,-0.283740536830464,-2.50984385141482,-3.50323790046045,-0.137101341303416,-0.790338238731548,-3.88552044156561,-0.670132135459657,1.10911143480951
-0.47203327802158,-0.263661894608468,-0.126409393396813,1.00796660875234,-0.838425029629191,-0.582223858483342,0.778251441524457,-0.360629408513674,-0.56630294453404,-0.292435113250263,0.533429167670806,-0.567357557239851,-0.323273346031232,-0.49848444870319,2.03000325828444
-0.586987739628888,-1.60283411367661,-0.508568560317898,2.17546353414802,-4.56729863383559,-1.61394129422843,-0.472199156541458,-0.0207435547088616,-3.53412453982978,-1.55425377174889,0.754986649492885,-2.59736811509804,-1.79890462127183,-0.303474848761007,0.86059471367662
0.581439714313085,1.7357103641474,1.11003698710758,-0.280112615754121,-0.445600398555346,-0.0990968657404698,0.141552986535963,1.06813469692037,-1.0449188850072,0.382437325945132,-1.5319070292449,-1.24849263499062,1.65493491866724,-3.63067907411194,-0.96606170263695
0.0336378303853814,-0.546600970548524,-1.11152483008713,-1.98377222668616,3.40915188733117,2.67338358720721,-0.352634818829112,2.23700123748932,-0.985459308999644,0.75163778016261,-2.96306288646641,3.08941846940684,0.0921704452212663,3.34315105989597,-0.48879679753972
-1.17480817345651,-0.361107373251181,0.340850782745177,0.423887034125069,-0.201384222868083,-1.00083812666988,0.39769738756495,-0.883346328140337,0.978117494817379,-0.930634289244467,1.19498369637872,-0.104031093366273,-1.29621941601186,1.58643936321831,0.692433181062693
-0.721786478797065,0.914969570550998,-1.21616572938278,0.648361085667777,-1.32786578475542,-1.07074855495291,-1.23129659557716,-1.3964890485482,-1.1334342776348,-1.44542099390923,-0.21573834561284,0.6719776935024,-1.12980765839143,-1.07560320941985,1.41706036729509
0.33988754709182,2.35466943199992,0.272065548629089,-0.974426509083792,1.59779521515539,1.86139431891733,0.0179126684799828,0.914117479554434,2.19793627949919,2.02399206248898,2.46198610106341,0.0528072280956229,1.58319094004231,-1.12664816618288,-1.06919946867798
-0.404253542712636,-2.31850703817726,-0.40463942784836,3.67115313913583,-2.2578413478623,-0.536701254964735,-2.31366409396292,-0.590216658529778,-3.89597128491561,-1.06262055627878,1.78925462862985,4.45898621859746,-2.58539740375939,0.402791162983845,1.40495532751878
0.878370272659902,0.0784528401025174,1.02078264936136,-1.0497198922347,1.96867555546816,0.312610645374739,-0.0877922921506158,-0.944171628510552,0.432688571762865,0.840712854176078,0.684908391371032,1.24403550409115,0.552433798724478,0.976752302047857,-2.34711627569275
-0.766174725366867,-1.06705695395402,-1.5509808355637,1.35697702727444,-1.62378304680728,0.50414523898558,-1.40460619576401,1.05963737724884,1.52147282378991,-1.42021079225348,0.827185759016742,-3.92187201699819,-1.84773107902338,3.41504229430286,-2.52167020394085
-0.204073358364211,-0.70328728045892,0.0842854783559699,-0.785212772165498,1.40857145400891,-0.480823004729593,1.07236678345835,-0.37585160410196,-1.55199766630964,-0.135796765994386,-0.835553017294145,1.47169521120196,0.401687504350979,1.10872890688561,-0.588405198126224
-0.499880759293688,0.755972165763579,-1.38991182043809,1.7628336187188,-1.41393356586133,-2.00702856771372,1.8065468642807,-0.920139605659049,1.33103896163705,-2.07952248757473,-0.611802210978071,-3.11455199748305,-0.8799487673781,0.744847584411401,1.20846117508462
0.332740626790194,-1.97833104422007,1.4703596748778,-0.138377971741342,-1.50101918569202,-1.22750741093114,-2.12159045089785,0.100430292272769,-4.45189160473463,0.949139592289712,0.844244245265333,3.45246492395972,-0.681064233454392,1.92267415382707,0.637387881403475
-0.0576955356842215,2.97577284004989,0.704746418502852,-1.54301096221084,0.957687152692752,-1.55915747357665,3.38597776211341,0.730829516732611,3.08128875459397,-0.137751776898071,-0.720780515553766,0.49355906004587,3.62777534256465,-1.16504839774628,2.30014972678666
-0.820668265600752,-0.904502921357448,-1.38540156122939,0.936285395269022,0.168371663219889,1.03887783969343,-1.35834330938031,2.76570868535407,-0.19013391555687,-0.0326424642291525,-0.55877669236601,-2.35411180099296,0.452818032982873,-0.490094595821611,-0.57868629181807
-1.36971777005095,-0.590975533592686,-1.9045630987406,-0.0560316423844668,0.636512041291235,1.27932741850294,-0.437309502465368,-0.353408883530825,-0.179682742524398,-0.809252769998886,-1.91198476453886,1.68113006550969,-1.94743809344202,2.91604742702141,-0.616957008104765
0.168629536897868,1.0686478697722,0.742652596190715,-3.06762186526157,2.0089677938538,-0.442451776099832,2.24218863456662,-0.610133010793973,3.26063687973321,3.91371212558774,-1.711770637489,-0.0474615941730375,3.81616346647061,-0.798422262973905,1.41721087687594
0.832112519771384,1.55240836679979,1.62119526272076,-1.31304256477077,-1.19564690124183,-0.529782059243368,-1.341217968592,-0.439540629559401,-0.853421739220923,1.99989811011189,0.299904989115791,0.540423324390979,3.96825872932052,-0.891267855955153,-0.0241312758610322
-1.46915503595501,-0.226845052711957,0.0485970998644573,0.360555483273119,1.23571475940675,-0.0495166563210643,1.59487771603731,2.19889417885701,0.720411990794546,-0.444964455022173,-0.656738046194249,0.972358485646899,0.133359862282339,-2.76802129992189,-0.541319984914623
0.123076691347896,-0.417247843755663,0.870093586362057,0.205630964433728,-2.76003867471498,-0.676970320698345,0.268252572388912,1.10842114205194,-1.86285379883531,2.21619759257788,0.27412627202269,-0.303544156578724,1.80832098710841,-1.41650542556495,1.68099070436975
1.61814305073407,-2.90577033963928,0.892190368276388,-2.07541004320107,1.12493244147054,-0.353686805188724,2.47605005211692,-0.658227323204783,0.305373726970953,0.668884830299573,0.23874760113538,-0.948645888213436,-3.77040449148935,5.47197582672248,0.850106672268679
-0.9178847988696,-1.33483240374617,0.580008515021809,0.741032736484974,-0.457004969502484,1.41964475111743,-1.63903085986328,-0.214160736946738,0.457647783124818,-0.241158505377626,-0.836119585467022,-1.85206000324057,-0.235331915251413,-0.0333779829639032,-1.07781871191265
-1.54536720798529,-1.20611829671064,-0.239368691265529,0.950477407134985,0.522009986664329,-0.21835167342289,-1.47133439379522,1.35775681999089,-1.3409218248996,-0.0568485876656425,-1.58780478260271,-0.365280988825781,-1.96965480573748,1.01114609891671,1.4054403258424
-1.18760056150873,0.0126816079769348,-0.185388603714415,-0.619017843160432,0.954118297982715,-0.85269013787635,1.63812904154208,1.79919737433303,1.98468445207633,1.38360772866146,-0.710820678020699,-3.09084165598782,1.77546143674345,0.513374842286496,-0.137612660218613
-0.633382883461493,-0.031459093155297,1.58608972042686,-1.07491394663901,1.40962398281234,1.31929886260904,0.0874894654607088,1.39594879730515,-0.735950375512929,1.94691570749624,-0.12204104980746,0.354271647288225,0.842267984176223,-0.20001120087485,-0.194231350824694
-0.718626634111545,-0.317291576195906,-0.552974670648614,0.356245068353034,0.0394305423197883,0.103593996893794,0.705906152703122,1.10049127381543,2.30526389383397,0.158145120469027,1.20258620978042,-0.153459850232499,1.18421111257106,-1.0116623256914,3.13163294104745
1.3980074859756,-0.242692581034763,-0.800724117914317,1.62811513723777,-0.234764432472217,-0.763346379100013,1.67478809697745,0.19680708325584,-0.436005525602376,-0.695856348282975,1.20282974322318,-0.908386508275442,1.62777182821423,-2.35715506358631,0.356173529938674
1.09109572811229,1.81481183501045,0.666962532341313,-2.91585905055491,2.03842204664517,0.322525809131738,0.351648399529128,-1.60260468027503,1.77998760831925,0.253777228943067,0.280278955106881,1.94573932956636,3.24280298830856,0.743361152842936,0.0431424302300367
-0.113367208129414,0.257069296470813,0.128700264223681,1.60861933269959,-2.65580377615992,0.791623504906831,-2.06744712239383,-1.43983989386794,-2.36750686238113,-2.68457964690654,2.8915459673453,3.64186787154809,-1.17589329730825,0.754215579059874,-0.692164625763742
1.45374995279825,2.26180814181969,2.16092980362575,-2.5663792492075,1.16830301214425,0.0754032618150372,1.4570628244088,0.036961463778913,2.67878070052395,1.04891225272757,-1.14289329753937,-1.02627139039377,2.1998716876656,0.509217688380695,1.63687278741527
0.61951514513344,0.107960645404982,0.559814433381499,-2.26526463362937,1.61697222584567,0.64286995348914,-1.12348816084662,2.12419990646011,1.75805407205669,3.63817478422691,0.190136076400438,-0.0331823070058188,4.37191320953969,-0.722848233230428,-0.770038250444007
1.05948761808751,-0.841060908887895,1.28626908424671,-3.15339645055427,0.945579725834377,0.885269923560664,-0.713434223411267,1.07911673780815,2.55331627120415,1.5231947474166,-0.74950113218546,-3.47804629471826,-0.863696682791283,5.04261148771388,-1.26289358819978
-1.58293192533243,-0.272137629780373,0.359376309569666,1.43214293494392,-2.3237765567526,0.427896491458753,-2.43092925124938,0.501450854564651,-3.26451282748574,-1.02716758457737,-0.978029668363504,0.0612781874753469,-1.74446869575738,0.422573916963251,-1.39454644510433
-1.09071858940302,1.1779533171299,0.951161321792758,-0.17758177120233,0.313572817487404,0.130413681260563,-0.16409404325637,1.52633191933788,-0.66663450712072,1.26552792771591,0.336487257720704,1.93622985858675,1.18756698950637,-4.0612894847915,0.962327103642021
-0.877903353477707,-1.69064774410051,-2.39894454312565,1.46217245536294,0.313802076459889,-0.698196949458504,2.16139277201228,-2.84231241813069,1.57946799950275,-3.01938769428071,0.911140421108574,2.71499056798696,-3.75341512303724,2.50066296023297,1.16189664957656
-0.0263321841222601,1.99631051568028,-1.18714094039455,1.32950421805926,-0.560518089356395,1.83741138086919,-1.27713594350613,1.09343244380719,-1.46143356067831,0.399104662357716,-0.236367828924564,2.10461713317434,0.893165205736048,-1.50739443840048,1.23080517748413
0.862729471574405,-1.52905442348597,2.03175196157671,0.582895129043282,-0.60283035606669,-0.860958117539652,0.553166056363284,-1.77909199249332,-0.798944429191805,-2.10717110434918,-1.45361902207335,2.35738050914247,-1.83009823744492,0.204529968522975,1.44017248415918
-0.697874544770622,-3.52716706933864,-1.37937399355868,3.56768245504578,-1.80953994584114,1.84840880133568,-3.66914339069737,2.55558578254624,-5.11279988461694,-0.979348325390423,-1.60730467503164,-0.70205528798077,-4.00397850305161,2.21410603149474,-2.55485852560167
-0.25727897837664,-0.268813498793317,0.935557999150837,0.530885685744362,-0.166040030690977,0.84819510315871,-0.734695439524117,-1.94891480976841,-2.43374666378753,-0.394830515862898,1.27504642203134,2.92918252616368,0.477541622418927,-0.0659145800704114,-1.07793143982593
1.34133838315641,0.335464407879966,0.285675016158012,0.372432511365874,-2.27768768290768,1.90799132313146,-3.61658857307143,1.90626260720623,-2.65472442656243,-0.68140744442602,-1.07430559940398,-1.5815545033807,-1.91292973240865,0.739586038826563,-2.35492122944802
-1.61034917748503,-0.111741663529905,-1.65346257568797,0.673746773603794,-0.681146943053088,-0.933157811456556,-0.0299795402151155,-1.71450031441993,0.973912506619483,-0.75867263540229,3.36487554408414,-0.600635314515902,2.73136575031927,-1.08599040218652,1.24404931665129
1.79023350079628,-0.711544369282952,0.548944316015553,0.825639844055541,-0.980256933540645,-0.25613169839404,-0.404771722445493,-0.904179374466759,-3.18589050493325,-0.10769655225623,0.164018143272538,2.08111134398001,-1.53032895732385,1.12436518011828,-0.0359466079871807
0.653918645276883,-0.457108369933591,-1.53451346978299,0.424874718643967,-0.816814205431139,-0.916322378062158,0.861445557990528,-0.864949320559582,0.736634793305096,-0.363205193021775,-0.462606138575246,-0.529013850249028,0.0225247491243022,0.157457693401801,0.36939450156101
0.814227761228092,0.932141170579372,-0.111363003240435,-2.61718641409956,2.8742614860312,-0.677921695711354,2.27700662304881,-0.326569147893581,3.30620803159014,1.25972774773048,-0.0410345989612511,-1.19836214126218,1.69835226386957,-1.71311392434433,0.972402298760772
-0.0925066721420258,-0.737399404859359,0.508595347235037,2.24741764993796,-1.85098668842618,-0.308518083157906,-1.42875779565135,-0.0632496059593745,-2.75265763140813,-0.650888512268608,1.15581239725817,0.967014710076907,-1.67000398401413,-1.23214210349905,0.673087524981117
-1.11631063390612,-0.476427234529077,-2.36020373736617,3.9226897143253,-1.9448676783689,-0.610251445429316,0.294694647542046,-1.29028089948311,-1.51620504422111,-3.05164780428298,0.93775547652873,1.3928500316865,-2.93697230366674,-1.40328033964476,0.214483735135457
0.0121795864630712,0.756674662346136,-0.321150318326009,0.280304791515745,-0.461472410711849,-1.96341554858546,0.600496448485719,-1.19975337338163,0.158473927953499,0.558760460680602,2.78604060459925,2.51227203675848,0.431603147360796,-0.603028374590005,0.589865445060304
-0.428856666340543,0.151076938492655,0.389033218123643,0.552551097933587,-2.66828581971106,-0.215851229034179,-3.30747584228659,-0.394425255110591,-3.44788819752356,-0.199084343373374,-0.85109201893699,-2.83728818596142,-0.215873410605166,-0.0180693728713351,-0.686678669414991
-1.14901506364876,-0.0166305020528396,-0.645061788078958,0.628414450101124,0.0338793317832932,0.450275421950764,-1.38597476639333,0.267041856566653,-2.63281975920105,-1.65425820863062,-0.47642390426114,-0.11565649344986,-1.84665876901724,2.38319538693407,0.367294080750388
-2.28722997868214,-1.56336325792948,-2.0397217614763,-0.819185061526366,0.943361976147194,-0.824122999798631,1.89417882656377,0.796095692778694,5.38396116485776,1.12854812865388,-0.941719987982544,-4.10028774416126,-1.55508558795473,3.79294933848783,-0.629965066749096
-0.254057458461951,1.57387134108402,-0.0815622359526402,1.54562446225711,-0.447269989886628,-2.25578103163293,1.20991929744232,-0.0441347642628472,0.61667910982852,-0.688645067943445,-1.33983542663749,-1.06045942394374,1.12699639607521,-1.72291454826158,3.06885924389202
-0.251405137697866,0.490037466627134,1.68123553596438,-1.9185096711719,1.03103624160928,-1.49476360527058,1.67555839778878,-1.22893390620915,2.94543639462468,1.0620352736798,0.623868057570191,1.31526615624843,2.06819205880341,2.20401820942727,1.571158240205
-1.12258359920157,-0.268903226728142,0.431964533726166,0.25883563012757,-1.5025525348043,-0.236677081053209,-1.34828182387962,-0.628171858619674,-3.89327798019052,-0.638327508548152,0.986216018887266,2.47070496663154,-1.53773944488681,2.57559886067855,1.67273912109091
0.764839305912809,2.13291655572767,0.69766421195389,-1.9514031984345,1.71599624408909,0.345465302184846,-0.540859574336619,-0.709670388926175,-0.834450397790633,-0.021693724457069,0.168171160825918,2.07003520288783,0.360205560955729,2.86232338482236,0.924977108258419
0.917259972150545,-0.642321727657933,-0.648578850930168,0.101485989948046,1.33574234819093,1.16077411900342,-0.31950543906899,3.07979465380588,-0.346760988619581,-0.445465484670046,-2.07324015540038,-1.9312113943295,0.0823668520057333,-2.60982800933725,-0.197126604664377
-0.540639701101117,-1.16315970399767,-0.530769882372463,0.821296997104414,-1.98242048194081,1.41545375667015,-1.78322390357787,-1.9400969134245,-2.46639726021429,-1.87461339105186,1.25723611050745,0.520391668147347,-1.88874944615544,0.584312351554236,0.161894413705412
1.85320923793657,-0.963296072973487,-0.364568212358931,2.41313235624866,-2.22807558045663,0.818120351199397,-1.60980925875814,1.12334807608996,-1.97462744539323,0.963698901157112,-2.38840803319593,-2.11004422823105,-1.14525652022594,-0.539198530708187,-0.125523911359794
0.80082479148942,-0.0721276071820992,-1.27149241288025,0.749374410595523,0.760813588255651,-0.265529426028427,1.12584022719717,-1.30214642335701,1.91950580471251,-2.15030685072231,2.64538565777957,1.31989855732566,-1.8271726812065,-0.410368502448814,-0.597723581802569
1.40477761332556,0.181886989014219,-0.890556535006656,-0.418473308680917,1.3079987710585,-0.0742822877137873,0.680807954406603,0.269549760893255,0.796473255678029,0.267662782757279,-1.01233364401248,-0.911094965163132,-1.67914989346621,1.83211886527497,-0.79508030532914
0.869107128388816,0.917975086790203,0.0105087625921578,0.386113228329405,-0.342102711059529,1.07206934430023,-2.16129175162813,0.704585457403686,-2.30784849625613,-0.554587570332949,1.38014462868779,0.831334381339358,1.00116042563261,-0.959722723638234,-0.659572409084796
-0.518772773783809,0.700175618727036,1.01516151891227,-1.53423519004831,-0.938642185470786,-0.375311368781254,-0.417004920220432,-1.04782499675578,1.04711480770068,1.02285659371888,2.12336587325173,2.08753801495178,2.20075169075711,0.516308096267871,-0.619895271877954
-0.135395330433038,-2.14501172764657,0.397197222258817,2.23769929989504,-2.90794066264633,-2.06847615319754,1.6319224010714,-1.79478078172599,1.07455557748052,-1.95470185952793,0.881635712430036,-0.971314888839104,-1.95687045234342,2.53548017749263,1.6244553009343
0.0639064828409133,-0.741693110251597,1.05184559307914,0.53522575747868,-1.5476002742751,-0.423140732754013,-0.523753772238022,-1.31977211688535,-2.16538072794787,-0.503665241851279,0.791862478059137,1.22266125934904,0.0396187609857411,-0.308610801241099,1.18210196842387
-1.86072392729095,0.756331340755572,1.44094630224486,-0.751584154602236,-0.34454920716257,-1.5128014092449,-1.12074382637146,-2.20011589930219,-1.43710797884442,2.00123289281206,2.21514662372095,1.59572027618733,1.31234809360659,-2.52641701227054,2.75024971432193
-0.00510491142055562,2.61056397277372,1.44515857441377,-1.71684612257369,0.0740165275809278,1.72765949886135,-0.662601358677278,-0.00339968342593256,1.09105189196107,2.14902376339765,-1.60162009744241,-1.88817946652534,3.8407276869015,-1.1231208077304,1.14484179362781
1.29093292596475,-1.01621927618433,1.96102364927028,1.7723438517151,-0.822917153725905,-3.41309926208959,2.3489534745427,-2.25586129960125,0.567347265164622,-3.10912288551475,2.35327242882117,0.349977301859374,-4.608631219474,2.48829711832254,1.5629994198577
2.03796435683332,1.48487947834591,1.91124967187579,-2.81062613645986,2.15531030951529,-0.660756410622979,1.24263651377522,-0.35610623077219,2.28260310879919,-0.180576944990602,-1.99082116363129,-1.61662772858836,0.221150820156512,3.32988414157081,0.366185539828185
1.19140273707944,-0.855913675709469,0.225017612221962,1.77690380168985,-1.79779906838267,0.635768450836106,-1.4078632760694,0.00607696349140676,-2.04536813011,-0.831055132924055,0.842498077005439,-0.78774702221763,-2.52010526243749,1.48046646779755,-1.40683312578046
1.04595391261884,1.19463984585544,0.263486986881639,-1.42532607831345,1.42655599905087,-1.01676702678691,2.3627700101709,-0.417173573937585,3.85006068892738,1.87960704027856,-1.11561471527899,-3.30312334923675,0.951129391729381,0.155351739866864,0.257902924424807
-0.0405071797146983,-0.927082097483863,-0.739841471552368,2.54118517714443,-1.84255576318775,1.33646916478993,-1.6062718114029,-0.079016267417812,-3.1160715626949,-3.57846100987622,-0.172979682336618,-2.63467793021591,-0.868833550474634,-1.27946182036372,-2.27286207140632
0.78471437399181,0.311140490431765,0.863897956580572,-1.94950113531765,0.749046823184254,2.42462698035593,-2.49435333273107,2.28520094646791,-0.898776072084552,0.611768904564856,-2.15662597353181,-0.0702735032335895,0.106443846773779,0.493338076257638,0.189788802620544
-0.589214074630917,-1.4711890879713,-2.52958155636071,3.5359786959021,-0.125466498965603,1.14846527655194,-1.09602026284495,2.62252728793581,-2.95852482030736,-0.780296818741015,0.747140379287629,-1.06821390055105,-2.70735612715921,-0.199077626653162,-0.974322957319153
0.62106915117976,1.61793427039926,3.30895420404853,-2.66168369954898,2.14827582981557,-2.16892644025676,3.66936932543767,-1.57239844880809,3.86766891622779,3.25517078653288,1.73769703274147,-1.04808852702729,2.01507579888124,1.56788159346092,1.50193726121335
0.941588365816749,-0.967796777567658,0.00785054472425887,0.614347464333878,0.100458747746152,0.698296733970298,1.70842332491539,0.953248265554606,1.70650970632146,0.864642250509769,0.188079597613522,-2.78489083642622,-0.770914843091883,-1.02314294444496,-0.151204330808268
-0.600706129795568,1.66803848994344,1.375229516463,-1.13999067819278,-0.822852036831997,-0.551714144873719,-0.827312652579199,0.0939865749144679,0.0426290625518179,0.78714511092458,0.433111889499906,-3.38362877117286,0.764391769209751,0.286243326855139,-1.00407464981349
-0.662843839648048,1.01383955454872,2.44148328469139,-4.72923324139779,2.31314743629092,2.0864789855582,0.0508772450275137,1.87320570460994,2.93777331502285,3.84860193475831,-2.07696651942618,-0.157844360818624,0.797324968315012,3.3907314663363,-2.9895570121046
0.983751883037353,-0.234751613714877,-0.0257198689754354,-1.5682420742414,-1.68259931380962,0.854360142584858,-0.122142277052617,1.07891207457969,0.154353080750894,1.712735153543,0.391849040332203,-5.68825152480164,2.51261653967584,1.62774496827835,-0.294631668653214
-0.750564235863765,-2.74679999926755,-0.960318477705836,1.66313992923552,0.249549607335608,-0.517284098536169,2.70630498676512,2.1827894243835,1.08145692264028,1.78726963050566,-0.305376439677007,-2.47580326855399,-1.3798043103478,3.49689301812452,-0.332163023762127
0.13542479526487,0.139882146673506,0.297947992754888,-2.39095465608664,0.196398375214636,0.601959755061709,1.41093047869706,0.906960094253844,1.92193809928748,0.157219205971987,-1.42299126627134,-2.20582314062608,0.192557530811866,1.38454267228752,1.02360709112734
0.569045123745204,-0.0313508136064721,-1.21555865300486,1.40600280719458,-0.273696675923412,0.575946696712579,0.221964692541829,0.973361730788986,1.86128442627248,0.685556036371632,1.00621942865592,-2.37269966232346,0.19806562435441,0.679480438846387,1.12073840484221
0.526759374184102,0.202194922045976,0.849846392242416,-1.46493914087035,1.01405335136493,-2.00039590577287,2.84950796852919,-0.866884232358899,2.4203314359946,-0.291713834222855,0.270481864568612,0.16607144472694,-0.489133725439172,1.48328175753625,2.68826967291346
-0.187400688264052,1.88813827735977,0.868022536317421,-1.24868790075321,0.452567807319343,0.0563300279685305,-0.427480246340652,-0.532594826016087,-1.30371000070173,0.011802743381999,1.67935490703761,-0.563055712268811,2.15019220657045,-1.53837257712277,1.10326114297526
-1.08380417026625,-0.567433797839113,0.694652652702094,-0.0580133343713893,-0.401888145609228,-0.471845212235577,-0.165179930854366,-0.418457570053236,-1.0421038815052,2.75664638002878,-1.37156800632998,-1.73339648445116,0.239188754621721,0.606235876723669,1.11243594368301
-0.635433843868605,-0.656751584833334,-2.70346420854887,0.577800144279139,0.841185137428608,0.24776777348105,1.40422880252812,-1.94146098147275,2.69762905117257,-0.995215543269511,0.184734480826462,0.985570192698663,-2.26846981288468,0.21475568720417,0.551138102872873
0.187296026173706,-0.578002767912317,-1.16483577338741,-0.695671353173546,0.913047122863319,-0.610213811670055,2.01795345283606,-1.02245666917321,3.40856458052725,0.863011055331082,0.29962072367616,-2.0541491890785,-0.997708824839699,0.903413591159419,0.477282027607674
0.442052331589865,1.55698517148628,1.41857535494047,-1.72253574915093,-0.178073612911655,0.696703633116636,-0.472708413866171,0.943797568082872,2.44689163144493,0.746195701505937,-0.133719718167198,-2.70633716928414,1.91042650029568,1.0686740142648,-0.350662896261954
-0.268588746337326,-0.650261491941903,-0.998103848661549,0.363794923041934,-0.090566613642064,-1.08968286618185,0.0542334352597428,2.27086481061571,-0.781585431147726,2.62503279470806,0.690347607107259,-0.801086967402189,0.371240821765868,0.0795200275092027,-0.243685877039867
-0.351074060712412,2.4567023125572,1.91167182891194,-2.67409342604204,3.51366132563687,-1.0215957814789,2.39001424109372,-1.55535125354252,2.88091359885753,1.01808708186859,0.06079096838565,0.770697268381483,1.83249504784239,-1.44302081347006,1.68635085071523
0.0416207114214811,0.407759329070729,-0.601065554159847,0.980887953766333,-2.16634931565756,-1.10346900642996,0.769043132360468,-1.15235296897718,1.31208533867275,-0.0886302147697698,0.829181124240723,-1.89549848154138,0.620122771651833,-2.80521505085943,0.945152529491261
-0.466186576177144,-2.04076780855645,-1.64428553496672,3.72003940140612,-2.04730387198791,-0.616241182451917,-2.61282024538851,-0.0513853946363485,-2.36357927016272,-2.61556555338009,1.20174535864851,-0.697964128790735,-4.23511076765818,1.69272728013475,1.68318758744207
-0.557030793555892,-0.189849750845755,-2.35772051469801,2.38899926540514,-1.72295792416757,0.441339581396146,1.2065408501612,0.610862631523099,2.23467607399578,-0.42955092001842,-2.44688455289807,-2.5641705351312,-1.82058045857365,1.14918063755649,1.64144177162304
-0.535888853007671,1.61998014135567,-0.351811554023323,-2.20916539549683,3.10954889522547,-1.33029222769823,1.70246625511846,-0.693774823281694,5.23214787827171,0.00103617724066087,-1.88718681186085,-2.74076475863604,1.32047290336073,-2.35101174482521,-0.805835814598475
-1.01848969040578,0.928341622779009,0.273166286105043,-1.12168747944688,0.100951976445517,1.2298850323579,0.485342968581936,0.974504181978684,3.20948819860856,1.29809324587398,-2.23813177339147,-3.26787643610516,2.25223420491494,-2.84621015591047,-0.675727839231148
-0.375562584326935,0.57557114617736,0.128018102325745,0.416668588598489,0.854620998564284,-1.5916825668292,0.820660773396526,-2.1070907084253,0.642594038629205,-1.63111757044773,1.5633483500176,0.0868565734217265,-1.53309519247114,1.84888646548734,1.83462115344178
-1.13412675904412,0.193846601242376,-0.528391204568542,1.04264438073216,-0.906313411766803,-1.06375743914092,1.13386664701585,-0.428037779471035,0.174248985681144,-1.06807923373813,0.52350507992037,0.0357372467260636,-2.6337166148496,0.36047987966204,0.0397014504458147
-0.999651976486897,0.949996024243064,-0.728717087816251,-2.20315376960705,0.596838982545368,-1.63976938403455,2.87351167883519,-1.10889900485168,3.41146908032192,1.6949649325309,0.345893784262243,-1.26911276409768,2.7243291365643,0.878696312255584,1.00203301417466
-1.74054018907862,0.0154110183421439,0.526498012421302,-0.0678857898429097,-0.737902587682245,-0.900302451585696,-0.56308363022137,-0.563087798953158,-0.567379011509416,-0.715914944062509,0.121360256668975,-1.53488834270646,-1.319721362299,1.12297155638933,-0.727899091803127
-1.09776211101765,1.66076121717343,-0.0494716204398817,-1.27400835583549,1.39228657726511,-0.147490604324738,2.06645647121945,0.204332657822176,4.15270719942192,0.958873359515796,0.0282597395231937,-0.375733171261607,0.549205017845814,-1.24754513828118,-1.21727305526007
0.916011807952997,-0.209792226827551,0.992466106285159,-0.638874272309184,0.228249899577952,-0.129779275950807,0.00338634156159549,1.67447789267228,-0.104813237097499,2.96564513199205,-1.39538324308638,-2.65159924407288,1.55342956426759,-1.83975397539359,-0.725688001351467
2.61790343582233,0.147557796024689,2.32933789576642,-1.31565395037539,-2.64153151572123,1.30700185451459,-1.58182490295755,1.92331894912198,0.373914091256542,0.0461944835567386,-2.28914059149749,-4.7005870118303,-0.679655830607379,0.41458036746959,-2.01201881314325
-1.65855794264587,2.64944780608769,-1.03041452128733,1.03343079154115,-0.0170057653608148,-0.20288018386114,0.571207820379228,-1.17805920070387,0.146648228724748,-1.33684003611682,0.597935520932617,2.00466265761269,0.675466078750909,-3.0806414409771,1.84702605618141
0.915712945213373,-1.0582308501466,-1.38999341798194,1.8563728173245,0.00473017278329928,1.10946967380835,0.44031988090987,0.0491214943962996,-1.45820562306469,-0.342143353777018,-1.8833402242139,0.887687144633461,-2.00295243828399,-0.779332416101148,-0.488221120890369
1.15697180558283,3.21296821021868,3.33852092532998,-4.35037011048744,1.50397716557906,-0.700597775012853,0.310891923415684,-0.356333889607613,1.74005091676725,2.984877145788,-0.00804020384735123,-0.280661902225525,0.836545282515705,0.94505876905171,1.52967208700775
-0.634359009313258,-0.15787412857292,-1.31100223938657,1.40582639206032,0.0442008025421585,1.29379338436612,-2.64845629383906,2.21254909539807,-2.64450361565117,-0.00853665418638431,-2.08160381011014,0.402660208274464,-1.13820200786465,0.0956406835036977,-0.0920745772931577
-0.311771936589838,-0.132042933292612,1.19495276823078,-1.19129172159861,1.17842536426437,-0.887250300614972,0.949853999931604,-1.50580008461774,1.84090018249299,-0.184151647559755,-0.0160894543368575,2.14348310062355,-0.0457013516031044,-0.893169666473224,0.389074824867697
1.35005293849368,-1.44698477802463,0.022245571408931,1.39361599228344,-2.51231234812709,1.76615167895676,-3.927593151988,4.20673173813552,-2.51837995812226,3.40120043868355,-3.23981692365018,-7.84624564075995,1.18777879483816,-0.25776670840595,0.728003061577024
-1.69524662765332,-0.600249555526568,-2.13797773196427,2.07604705873065,-0.58065653387473,2.06500600706111,-1.76578219070518,3.50134157393401,-2.22850004812092,0.232728167674982,-4.16638354941639,-1.08731742145526,-1.86968129369913,1.0927269095169,-1.17076389465852
1.46715106014567,-1.96622798906612,0.0240329582379143,2.667075156497,-0.756538872802752,-1.29992610207681,1.36340737919485,-0.916226913217585,-1.79625676674489,-2.08788146397286,0.443405709105682,2.29830662972788,-3.15346681046953,0.997397434417172,1.05436170611873
-1.6999774485053,1.3389057337712,-1.14454745394123,-2.9082478212025,4.06268589566145,-2.13198476851096,3.39900326533888,-2.40430867650912,7.47767219387401,0.011620245934932,3.74087203675944,0.868440764854998,1.49295795068664,-1.61111775390711,1.16168299819525
0.965470795916883,1.20128779411715,0.753059385410259,-1.60921447676301,-0.688190355785936,1.35149131977406,-1.42956513495012,-0.345546737213632,-1.07538880434561,1.6222523315089,1.69548071950858,-0.300361467947634,1.59661754253136,-0.95295890859398,-0.6189907892215
0.83710518267679,2.3332016273608,2.65634438699975,-1.92758028109261,-1.89403294318041,1.63802641135846,-1.37385696495936,-0.185390817985494,-1.89163300131053,2.11740963600952,-1.46226287841332,1.35302286927675,3.18977210104612,-0.853813146996439,-0.745297642412283
1.86352937347623,1.94594360873016,0.550105910485889,-1.22559247023429,1.04567864200695,1.53500574371346,-1.34249159616655,1.18063719039605,1.78520337613879,0.840193834186308,-0.552532319264045,-2.29988114923132,2.46355557879897,-1.05331968284042,-1.35299868629373
-0.0477217793501493,0.643102438020772,-0.0780585023505743,-1.37492495063409,2.0339718916509,0.0663945202223516,3.47887900303587,-0.730071954522741,4.741439058333,-0.728548319662718,3.1722115926042,-3.52832802684534,1.05614587916706,-2.29310634447901,-0.221405449073156
0.597980737484024,0.473285962082005,0.204009684845749,0.952354413295199,-0.154845003767522,1.33003553392464,-1.47260617753378,2.78686182872337,1.95081484653843,-2.2856455048944,-1.59295855557871,-4.38035483671991,-1.37356377906905,-3.22937224832768,-0.225008033225148
-0.718177787576122,0.714308809949202,-0.498010434414401,-1.51607541753826,0.600618721803422,0.247203094557352,0.642304361029683,-0.51184375712266,1.15201739908015,1.66703999153792,0.609528547197441,2.20245215243303,2.11881280713635,0.550752228518494,0.214793231861666
0.511037393833665,-0.644885045250357,-2.53360063116067,2.3665250812349,0.804148252891681,0.14667977481368,0.364534431062673,0.305346854654183,-0.396473111295808,-0.0654640806827164,-1.54192461746486,0.51040105219605,-1.411664742285,0.944801362522149,0.54737633667123
-0.42045320337585,1.1185456391594,0.66958278115215,-3.32328205817892,2.64332831362054,-2.20746005366411,3.4675547596476,-1.67651537655574,4.04505125461602,1.41355791835694,2.203922888329,0.355300041029363,2.69060661788169,-0.0086952908488849,4.06230623657006
-1.57781601302033,1.93739994007128,3.84140906056956,-3.50422234229262,2.2509101298801,-0.601889629042329,1.25256228785964,-0.541510171165005,1.30848314181582,0.392507197175755,0.357947375662519,0.364805340848821,1.98464495696905,1.26199340807175,-0.573473457234812
1.17444645865057,-0.477278265788757,-2.28715314546804,0.751885817753261,1.40484918008264,0.353964597875054,0.906767781957216,0.893947018616334,1.28999081603479,1.17162550472332,-1.45805566116383,0.300421824199921,-0.411804503230787,0.367212485091374,0.773659704218792
-1.05674946039072,0.409652235406423,0.740310410569102,-0.84803853540271,0.525461651871336,-0.627920992399855,0.529160832975858,0.693719241336997,0.651702857756201,0.877895332652629,-0.0121086559302053,-2.51904870993896,2.25124577685115,-1.0749517593064,-0.0596042454867994
0.872764603988318,-0.482404508425627,1.13128853663206,1.52076172936793,-3.44235815987853,-1.63564809144256,0.122525761618928,-2.87764771697249,-0.86547767488572,-2.21011576082623,0.776913506891412,-1.47898222626221,-0.635270580943786,-0.621643859876884,0.940539561279539
1.34336994412177,0.860290435258492,-0.365929602313234,-2.35159659205837,3.61925183480573,0.813600466248312,1.02487441534469,0.00882760436764048,4.23299627921615,1.18672203825959,-0.233937239042787,-0.455738170100023,0.486532843514326,2.09013381051635,-0.721266466905949
-0.393374740381405,-0.609133014905032,-1.23162573743003,2.81159861486223,-0.660742801731763,-0.23710055759349,-0.585244403724569,-1.29474969061984,-2.03764899917445,-2.15218386524747,0.134910234880456,1.59527787041409,-2.3995850520302,0.169142975006603,0.64664824547852
0.94739764905335,-1.16201256666664,-1.02151139672678,2.17188980183576,-1.61895691779924,-0.696064870847086,0.341230307295361,-0.996277845396113,-1.71106223336942,-1.9262304148016,0.774306484144264,2.13521176847897,-2.15167480755183,1.09722077150977,-0.126535697424795
0.0631836588955254,0.563803155457489,0.535250021096341,-1.72766431573936,-0.0654508153979877,-3.53568686121808,3.21935517019854,-1.16137384318908,4.88284971378754,0.61899899307823,-0.209164617375296,-2.22560237343971,0.842122683903773,1.22690099223652,2.34182253571532
-0.860933671238656,3.59593448860038,1.83400355236144,-4.53143733761274,1.95099479772044,1.1165817848211,1.30367572019953,1.41698445638691,2.5892599332469,5.41046728282039,-1.95643796392876,-1.31060757153422,5.91294513737995,-3.63412048232395,-2.33406710597749
-1.44925064719954,1.2618573180045,0.657276850716569,-2.06230388382945,1.65836922233352,-1.34875696416725,2.84811459235893,-1.89268695800114,3.99466732056613,0.395468428472002,0.652562364063182,0.99478781303862,1.0040931240959,1.21051586254086,-0.446945096330413
2.1452444929759,-0.471826802812414,1.05065850631091,-2.58142575466326,1.68376694812736,1.85044384579292,-0.972114819763127,0.366842461844942,0.952522734452044,1.67698494450279,-0.576950525327528,0.0634090925201303,3.42730644250685,1.7339809630493,0.778651389190306
1.18557208593106,0.059186680792243,1.42048276420335,0.801386625746484,-0.79767848698977,1.93011227203401,-0.788101769651286,2.35516059514594,-0.90904352209535,0.344541741612406,-0.896726583078858,-0.364285378543865,-0.402746706334787,-2.29256882814174,-1.35436200090627
-1.89408825833245,-0.415164911160741,-0.975996294669931,-0.358286700887682,2.74619644372831,0.0747154313384743,0.940127350779949,0.514956781472922,2.95314229333227,2.76573088850984,0.337850035107733,0.902640567076629,2.46027921833111,-0.591518991526591,-0.739199340663786
-2.16545683842853,-0.0450469910240494,-0.881107715645622,-0.192078069768334,1.13802543663803,-1.08815634623437,2.56571600376234,0.0498820658226027,2.96714124659775,0.731599797598887,-0.198869085361262,-3.04993646980559,-0.687211678930831,0.618063648029667,0.776245590507757
1.0517462920222,0.582297411033465,2.40810181023228,-0.68063121111918,-2.16075783890525,-0.191560684010752,-1.38291253857957,1.30405914890286,-1.93272890292798,1.70171930068178,-3.00035026799796,-1.11031139501951,1.28387254002824,-1.06711870322618,0.0170010597194944
1.11941381099124,0.197620410253545,1.60905006724071,-1.18682345163768,0.812789534850733,0.957019432629917,-0.668572205452696,1.46612497110274,-2.36519643456202,1.20500911122023,-0.845125767349954,2.87443923819546,-0.464771001426116,-0.0463052596914921,-0.854523605379408
2.56972890772174,0.81392489618216,1.77199297638547,-3.48570036505907,0.82307734825842,-0.062619143593683,1.54647837111937,-0.355757936287905,-0.0827833579252788,1.72796773800855,0.206641598124977,0.590321047159105,2.49140745382154,1.58843165896899,-0.777653505120342
-0.335006826539426,-2.57976204189175,-3.49259815133381,1.78404889162349,-1.31255675184863,0.749248741362649,-1.21545100623997,0.794822855259177,-1.39495725524542,-0.125700970883503,-0.710504339030379,-1.13479604911589,-1.3749322083341,2.36386730301741,-1.40713400656474
1.91579427180496,1.20243863315305,2.6479325226828,-1.60620018786628,1.64260728561766,0.374618814645012,2.25718544236168,0.445746004910954,-0.525157839380693,1.403321163233,-1.01497072421211,1.46225102272223,2.67308201601057,-2.59918972407179,0.931405716863125
1.00633567164961,-2.60407946205171,2.28011470621333,-0.988530855026007,0.387845227218231,-1.68860469573522,1.37173251712493,-1.73261323932224,1.74358450392441,-0.695696794567269,3.0216625686078,-0.967122259268173,-3.54669404965367,3.81564963973101,1.40974147043287
0.898565339211585,0.0977135510070009,-0.145188634314543,-0.884307587819708,-0.0939099280798796,1.93070088553794,0.257246444168204,-0.0308079716983091,1.77154202819137,0.427912933973351,-0.405059008796632,-1.23921046255627,3.30891241541246,0.773055302660902,1.43336022172428
0.204818278500966,0.287815723803516,-1.29570663402328,-1.07331532322944,2.68156099125262,-0.910730747623905,4.26524123092313,-0.0888952089147562,4.37551481817657,0.742861787229493,-0.181043021306016,0.88721161562332,0.695493544790415,-0.952390893190993,-0.488930355448531
-0.0387297743865496,0.374074557819411,0.11667609197802,1.68744450729826,0.057456120765549,0.946880591163992,-0.317180306981266,1.51124065660799,-0.880960055814863,-1.25554646508906,-2.38267649069579,-0.503517697973372,-0.975437570628146,-0.542164337222111,-2.35326235724635
-1.21278366696253,2.2848730046322,-1.0374431845383,0.258735938131309,0.447849009946205,-1.2791722288728,0.807146614946307,0.358648132895162,0.938750338026255,0.826388390975217,0.664955899546584,-0.669320131316794,2.27111421629963,-3.28188170879912,1.78895357602302
-0.38247593111271,0.36023032455604,0.150155433177778,-0.520142616761092,-1.91159429286514,-2.14617074018588,0.141151417415583,-2.37839799288378,-0.0251062114983838,-1.72050394125532,0.253729435136778,0.871192290135013,-0.947092495477115,1.21857113689593,0.254400451748147
-0.0202626149430562,1.2218478066991,0.600952599149349,-0.249969240142616,0.828680451805184,-1.0665443690108,1.70480837337389,-1.410431196048,2.42626016247172,-0.486181460470945,0.647823349441601,0.170134996100086,1.91473487366847,-3.01171328931853,-0.124198556141652
1.37849314502874,0.00626009390479591,0.588364769233411,0.441869269466854,-1.06558461575785,-1.87470196975031,0.837502020514758,-2.42676755880999,1.9052369538169,-1.56956265410157,0.220490939199611,-1.45740286727654,-1.03953819857396,0.934602306003655,0.213283641914597
0.135542167237893,-0.460754506841041,0.280946574851279,1.51746281698141,0.91155200746898,1.963723377352,0.255399300008747,2.21120475437556,-2.34693176955904,1.27484067855825,-2.1654123292161,-1.89811525617691,-0.317691305392795,-2.14545760762289,-0.638633310511323
-0.549683664604621,-1.01877461317964,-0.161910094557891,0.760258192750588,-1.51346084192232,1.23888222584791,-3.7192832712828,0.85216326673084,-0.899406196858807,-1.49991650109355,-0.736806639247595,-0.621358103891043,-0.748178742438662,-0.586211047362763,1.25065985882727
-0.665781620088354,-1.7491428920364,0.413076200589653,-1.65722987011143,-0.404049232952095,1.35446687991891,-1.74795555435679,0.232654305812616,0.252864604678652,-0.55120306997391,1.7840433221221,-0.392905063997773,-2.37579758874723,3.67416496167482,-1.78235109571997
0.864621663553234,-0.580901298295517,0.767984086698007,0.201456898330544,-1.33046217875208,-0.333726335585807,-0.428379881303497,-1.15561714751757,-0.217134137750161,-0.171768791512476,1.36385312861577,-0.389722840636562,1.5646080004738,-0.36823311154072,-0.106576710121727
1.08253954751808,1.42784261477814,-0.149446530511896,-2.10302174736129,2.77771932178686,1.10858085687661,1.2413243447752,-0.400685271457815,2.73068071940148,1.35613648806818,1.12929463764961,-0.0522684335385493,2.4848183788035,0.182350859718842,-1.52218497846814
0.296474001362199,-1.29975877364992,-1.59807545719402,0.737846832553075,1.18521610574483,1.58183233162221,-0.328165657272498,1.80587725304404,-1.11519593480572,-0.539223898106435,-0.528106103056258,-1.94177268838464,-3.48659649800556,2.67208492679253,0.0247180791180534
0.632495533596031,1.71295722883776,0.515492130438649,-1.9073355594277,0.24745564832736,-0.991417539765875,0.550459525898727,0.942520684784707,-0.46988147632449,0.198900596973096,-0.735997912711138,1.20648978970732,1.05174021969096,0.136685593197054,0.429300486958643
-0.684768930865067,-1.55842775158983,-0.869628027258143,1.28763957267578,-1.67978985136215,1.22030427240177,-2.47387416199503,1.71906355047925,-2.75494935904997,1.33403685547546,0.660786781060924,-0.387753706257787,0.187387566082158,-2.05950627798201,-0.306351905204008
-1.99726826128957,1.14626952465215,-1.71298951629588,0.284596729069396,-0.117517123328088,1.54191076071757,-1.77712662163328,0.369788789201047,-0.14146989461677,0.203228235076446,0.319121345497247,-0.707134415795088,0.888189223186883,-3.1856626252362,-0.875790828667761
1.25901516632039,1.91494723766047,1.06098417268224,-0.00233191986363073,-0.692085501780208,1.10510176878492,-0.855111742691534,1.21907271879558,-2.61342313291949,0.825156162403591,0.3710465653269,0.0242656624332469,3.87722982520115,-1.94605532217523,-1.942705940106
0.58851601729952,-0.61307651045896,-0.947771478290335,2.16097174174819,-2.26406757090687,-0.185167585527551,-1.37669231730518,-1.05455849896531,-2.84227985633379,-2.65254020308675,-0.9143299092228,1.67118546695165,-2.85995130078915,1.15461338983644,0.347785650761735
-1.5383872108291,0.0833431626509676,0.110535412531027,-0.606318871894942,0.13621364893191,-1.99322270902457,1.72331655389773,-1.55486904779896,2.77896386645074,0.958942655794694,0.93349694313898,2.05980488323278,1.14705153534845,1.87508943010196,2.35930941898184
0.26767071933248,-0.553356558140963,0.783053680005615,1.28572175745824,0.178719345717841,-0.283187282855635,0.563178851423864,0.344222125775651,-2.01141559221957,0.843305022426094,-2.2494231325817,-0.0425309494893824,1.23600277270203,-0.714344913262979,0.709130285033432
0.0557294641687521,-2.67244491081092,-1.32618664235565,2.09097038458564,-2.20608233560373,0.729792695036948,-2.24717431654656,-0.901237997963838,-2.86748043879052,-0.96288363880973,1.43728743418267,1.94906191420185,-1.54330305797544,1.07722050914226,1.0656169047864
0.228854490622915,-1.46408860254913,0.197636873687011,1.0278014769036,0.0959523519188469,1.00356211298022,-1.45577405984607,0.119418219914192,-1.89806032046501,-2.39884219071591,-0.484986313336337,1.15364167260277,-2.05701758644175,2.9944894791327,-2.18234776884419
-2.37348036036422,-1.44534367051998,-0.327781365608752,3.45490143306835,-1.0472898582554,0.945230535303598,-1.10866404048039,-0.142800501773934,0.27212354881448,-0.908721349141082,0.148525569898909,0.748999476058046,-2.83871449099808,-1.06618586582424,0.24773429792602
-1.54653869914054,0.369246723539859,-1.71064432195995,-0.18471347514995,-0.0107848263606028,0.633883246272015,-0.570112742819707,0.646834534069342,-0.399895876852965,-0.484799276960818,0.189272565880772,0.0154306974967628,0.892051316053999,-0.0937367019610214,-0.578816162796828
0.629134474233913,-0.931292145380144,-1.4242450347618,1.49430834929893,-1.14747613863008,-0.31423649891134,-0.704529903672044,0.374351177706329,-1.59477523750374,0.112175165475331,-0.0989298531051358,0.364310549887154,-1.79968943914663,2.09377732964912,-0.0097788563217943
-1.52790322501564,-0.589500737404416,-1.02391601027119,1.29513009787938,-0.186861842976934,-2.62390933843652,1.0891956650141,-1.6961307004492,-0.850879130444713,-2.0704242978191,0.896836608864985,1.7419715492253,-0.894285111351471,2.13131095112046,-0.83864949503407
-0.783032032178363,1.90541431986586,1.17039991623727,-2.33276619489057,0.152322972115748,-0.654161728777332,-0.55353131016758,-0.495615044918683,0.894428074297279,0.486941539040274,-0.0944500847769045,0.750673497959022,4.98475867095475,-2.24642380709222,1.6001146076741
0.0528300409748133,0.31197575750477,2.02673311833041,-2.7659725517939,0.642090451214404,-1.80190500294904,0.0100028876935593,-1.69215164486666,1.72431335724377,0.42102026016384,-0.657597080052563,1.83258283697969,1.42609817149021,-1.16143067607366,-0.613588172275821
-0.524821763531754,0.29706572125325,1.39491058831503,-0.236186740940307,0.784992375550606,0.199485414799675,1.86179445208215,-1.08237897920047,-0.898899548335742,-0.350743275581812,0.887112018698787,1.99100251010005,-0.0521810747512433,-2.52528017650834,0.370878668148665
2.07067401229225,1.61097353895353,3.62117848053587,-2.9114897848617,-0.305610265820242,-1.34739961502571,1.30056911452208,0.0686880167594888,1.03107172233504,3.28397139974701,-0.74248952717195,-2.40050577898436,2.70462572967651,0.111910593293074,0.698297444774677
0.610812575507012,1.81092081973758,1.09502133589306,-1.82356134972465,1.59739497131287,0.539882013612543,0.751692330664605,-2.34080901482238,3.25362113640133,-1.54106899776492,1.51727819490599,1.54924440981992,-0.218583375401685,2.8186394315445,-1.53713094730485
-0.688781563503058,-0.61723185728636,-0.873864975974754,0.141755217976171,-1.13822951618072,-0.159382670154778,-0.716067729937062,-1.44904754334396,-2.76648375352114,-1.19701809425258,2.39688464397013,2.31531828072979,-0.731752457496828,1.93418081220181,-0.853583855473073
-0.971216819653715,1.00941735479794,-1.74794321434099,1.12821501872243,-1.4333992370506,1.58709644188917,-2.18397829507679,2.43677550525124,-1.76472327686692,0.238407013982551,-0.956111635283937,0.384439128264229,2.94509653250791,-3.64412518141809,-2.59190364244437
-0.00459181639678819,-1.06110915826978,-1.84308871025212,3.35030021550431,-1.3699717619569,-2.08438368080137,0.811140065016568,-1.79239941795577,-0.263244230012879,-3.18697843570938,-0.535397033258911,0.448264676774934,-2.16209179951971,-1.62905831071699,-0.0778767006910419
-1.2069150870478,2.1678027652468,-1.15953679963399,-0.397408944667643,1.67989550402758,0.20084721344866,-0.362990739192307,-0.240890448183451,0.670086080617463,-0.168437499037864,-1.63858066561041,0.170126330225093,1.98176531092665,-2.88467467645296,-0.137540135693969
0.157972702168842,0.0662515016400888,0.723023235570224,-0.533945658729432,0.536103606817617,-1.39543380785311,3.12450571173983,-1.44229776907264,2.93154507683931,-1.22109399179832,1.42576951444396,-0.0347252039172318,-1.32200553913907,2.89474852990707,1.29641877819952
0.649314126926612,-1.39752675656201,-0.452258506958345,0.22928410599912,0.361394909199714,-1.95060624907418,3.13357553013836,-1.47776088055429,2.10023257782643,-1.40195380297447,-0.674746030439961,0.166319918084397,-1.49760278858778,1.1891458936003,1.65376834895195
0.188347832575798,0.0290036245154606,0.561715869552318,-0.687349094054553,-2.44463783444815,-1.32794430163296,-1.7807016811012,0.312469546155999,-1.91093323410672,0.781149551478871,-1.46097917780141,-0.84647767486877,1.04117961922208,-0.778317495095403,-1.05535430217826
0.575508520432381,1.16502914056105,1.11415589709529,-1.97521699595016,1.04418409253994,-0.66907917077229,1.1241813259475,-1.13984806755875,0.922445418794549,1.70679731829838,-1.91549858878986,2.74154636845195,1.57973600443839,-0.611798343548103,0.469953462617299
0.241734156279554,-1.89835989690388,0.165347361243334,0.731465952841593,0.0034321378022953,0.382150688302653,-1.93212527402019,-0.297556994660108,-2.07908400733499,-2.06515102167274,2.19583288607037,1.38998532863343,-3.68921975456795,2.48828170542614,0.0935867039320445
-0.128029036730054,0.412742452758649,0.959205644177921,0.115244036169278,0.450978201628965,1.39798808811467,-2.04125389907432,1.00571791905924,-3.40081196650158,0.0259708438402406,-0.820172174031853,1.95336814821031,0.0992224743045823,-0.911044643836938,-0.607655661190029
-1.08769935207507,-0.0169482508889028,0.132609231889316,0.238074530473133,0.641213779763305,0.420666091012822,0.565097452059527,1.80842341171345,2.07621081423772,0.471414071060377,0.00993834837852215,-4.03773160962614,-1.9282234842951,1.91735326416582,1.41744124936115
1.47471145008263,-0.747126200187794,0.808480549291791,0.355527145727006,-2.85124341965188,1.55737223091138,-3.27969823127406,2.35999402183037,-3.63490535107869,1.41875934720669,-0.973959803174621,-2.92529531099886,2.38503799363187,-2.21275845245764,-0.136805607360206
0.163876763376398,1.70406125356449,2.78782271369267,-2.30002344205292,1.38506991733333,-1.0521976360215,0.450397244414775,-1.04599819790644,-1.08033714560064,0.837209814438435,1.88237073976231,1.87364255069493,1.49655843639605,1.21289682609308,1.5666863219892
0.766435831224816,-0.861268247588912,-1.60446318620973,0.510425730787491,1.6787324396026,0.869589245279489,1.04244786873649,0.0646880031993742,1.62198950654191,0.1695444209315,-1.04025292937288,1.72699607233364,-0.606409510083479,2.8870135284593,-1.06895928382413
0.549183562827855,0.198970694740592,1.75335320733819,-1.80868047072119,-0.600312839857229,0.260417894757428,-0.345665112436081,1.33656476732432,-1.02431540677153,0.921690792057498,-0.784752681303445,-1.09302064234306,-1.26100001604418,2.5367778475074,-1.76153159348971
-0.691054069177453,1.19088793047417,2.35551901433716,-2.48667442326977,-0.804587683983855,2.63621394961947,-1.41210541201685,1.65113141431923,0.212829270655898,5.18200231739476,-1.12657866032791,-1.29713349976512,3.83764888273399,-1.99216583338492,-0.180286878292375
-2.64489078983977,1.26005730992618,-1.45703314228863,0.417842081722802,0.279196260241641,0.136266545312929,-0.0745332525397732,-0.161743324246737,0.775004188881128,1.38703284008572,-0.324141662869037,0.544211597280393,1.71031295672372,-1.04351517322697,0.526548305100432
-1.64819986853937,-1.17738951836554,-1.65225710156777,1.1163613465658,-1.18240792800278,-0.104988902260714,-0.241806724513356,-0.757707413298336,-1.89001373742406,-0.577793231766346,0.38341202499844,-0.140664752173885,-0.350643146157542,-0.313174543546466,-0.873162745286901
-1.81821540170921,0.383463345560386,-1.10832731384415,3.19067416454337,-3.74853579729837,-0.438826163924832,-3.57285429551817,0.111004723899581,-5.29367529370341,-1.07498126548889,-0.722341652596485,0.106261575146652,0.197982433979146,-4.03604931477738,-0.915108383009498
-1.39228907364355,0.762779793188881,-3.00010631775343,-0.164395273140654,1.82119704923176,0.524123905230268,-0.369824541870113,1.44392206990437,2.61264873279155,2.98825872515659,-0.314317081349398,-1.85873668946704,3.58438859951219,-2.62228985757184,2.01428320510005
0.796594994515577,-1.41569187887903,2.16824685359328,-1.19376044244026,0.0624925811035655,-0.59090588060921,-1.53246556585421,-0.783076452579687,-5.5633805323619,-2.49245017204809,1.71233831589313,4.66031907495601,-3.79960688132271,4.40711255720578,0.798291257404211
0.374405359805326,-1.21460759170956,1.62038797976056,-0.49657360748665,-1.67223343625328,-1.01655562652338,0.729243882677758,0.113753714883733,0.44953945551418,-0.155596201645318,0.990687764096778,0.0737281054985842,-2.27747040950973,3.86828604769308,0.194766879871976
1.23448525416661,1.34444480473755,0.840434905676402,-0.655246446339815,-0.622720677726503,0.729323900590843,0.140598128445692,0.835978212181381,0.752279517213093,3.01824825724012,-1.13922494993193,-0.660489829490084,1.77168690440205,-0.56542022807232,0.704832534672369
-1.80302551963467,0.370006037722396,-0.811177039034287,1.91139534983787,-1.85559518788002,-0.0507139578298483,-0.485532864570922,0.652737614142876,-2.33910963305262,-1.50685936183151,-0.389172193746916,0.981757406479775,-0.455818424106341,-2.94012768881877,0.692448592156794
0.267911235064235,2.03048651342833,0.660140382076922,-1.76318104828574,1.55942551246694,-0.923347089425201,3.38256350615116,0.0639512923780424,3.36752526018261,-0.522699424498425,-1.53505718474496,-1.68264424902945,0.361182343154613,0.456917233077245,0.1975497328204
-1.41765704062885,0.557828750140167,-2.56247640256423,1.11276397183992,-0.00221044971463667,-0.987256845170649,1.6852695365478,1.40126077437748,0.391683805317672,1.57444945320298,-0.525735834842926,-0.643849179699787,1.1626701309263,-2.39945517214867,1.09535993098638
1.29399245378353,-0.571886432157425,1.65219490184902,0.901183864330745,-1.51817224726473,-1.41610821677915,-0.485256372751093,-1.61277383320595,-2.20058541830644,-2.18034120075816,-0.000178519959415392,2.73551688221203,0.458935463763081,-0.758515133666274,0.978593890126448
-0.704656332841331,1.16933110871686,-0.0537396544855845,-3.29775181879007,3.61504542642598,0.67151797935493,1.54552737701733,0.162401363516122,4.57720357282296,1.79601024571339,1.69506328400962,0.0646702886895984,3.4012406815933,0.805141859139704,0.106725455578747
-0.441191030979319,-1.2521620287515,-1.61041019211006,2.65804579926522,-1.6906617143294,-0.9862197922222,-0.177138958691534,-1.04182956361449,-1.31908982264198,0.384504268693282,-0.439876334599808,-0.518565811846771,-0.208089849712293,-1.48102803186076,0.381708627430465
1.1602180099133,-1.85684449001688,-1.795858869993,1.41479348104256,1.16217712130434,-1.22802586499407,2.13223480913447,-0.696082397638859,3.31892215803443,-1.27879570884556,3.08952805231268,-1.4121516352343,-2.47620769132929,2.27978137950589,2.33535957874631
0.625054826384405,0.909784486084012,-0.0398598574916145,-0.194486258533713,0.208965636992932,-1.08276859792102,3.30568319156104,-1.80953179783579,3.21898342265063,0.383279312428798,0.525543203596995,-0.829456929519092,-0.0319524350404161,-1.56657046504468,2.89705770678702
-0.205789931839763,0.0540465795744992,0.0335980625828477,1.46719085275274,-0.574021215161725,-1.10549910478042,0.103515889570322,0.0861854223405021,0.85987819861999,-2.159986569596,0.0347662790763315,-2.3750002390671,-2.03831364903586,-1.00189863542252,-1.31556232461271
0.897933918200104,-2.36555495931462,-1.58102876731639,3.77154730352876,-1.90433219835587,-0.176396125000705,-2.28569778610388,-1.44494195017923,-3.78907054316944,-1.14513027210048,0.652484816684065,1.22924934149513,-2.28679237684285,1.62677734315505,-0.855325342817563
-1.52378462353232,-1.81466634625917,-1.76001790370088,2.32642560857872,-3.42254658407915,-1.05694970865145,-0.771606167332431,-0.390928794450748,-1.52742810908798,-1.72800472174769,0.295893340543835,-0.025536537861168,-2.73797278075062,1.50709027263039,1.39310078534284
-1.19809869797914,-1.64885302382464,-2.68618979968131,1.97226030662603,-0.183216926226292,-0.46530872798458,-1.11140922618786,0.778668666002688,-1.25404647245184,0.305446599553897,-2.84577756813188,2.33308821277835,-0.475678229810087,-2.68717274566042,-0.4615757627722
-1.89222644280568,-0.73035725589283,-0.842757908583942,0.908627041241291,-1.66052391280895,1.03806138247925,-0.841047828518384,1.37789940368838,-0.409433697157567,0.253905903676689,-0.95605438612755,-0.770630679980345,-0.372361045773139,1.75979493977577,0.0735756071043353
1.07399565475702,-0.154702449444846,-1.02716919798468,-1.54228473400139,1.51373893342783,0.675481794893913,0.687334669088623,1.40425683680145,1.99371428157976,0.529242144478475,-1.38520505867617,-0.210529088777399,1.2149850842589,-0.393660795607793,-0.663358915465604
-0.693114085635898,-0.832157387838381,-2.39762140079203,1.733665791303,-1.73647348661616,1.74049715630822,-2.13871998594684,1.20349910263372,-2.68890315940086,-1.06523483876638,0.553207947243728,-0.546063328197525,-0.055629592372867,-0.577946743375283,-0.183847235514697
-0.00321729578180889,1.1558737619292,2.5993934984876,-0.977030551070617,-0.981111339467967,-2.17954756904284,1.79397913686895,-2.2561101510925,-1.41782175634699,-0.168463549945999,-0.63210545137677,0.830212145396686,1.73806542180723,-1.69473547165117,0.181435296419216
0.252941072639224,-1.09126987983419,-0.619158253246683,0.871518732320935,-1.29693000185888,2.13792748444204,-3.72077303390913,1.54965251150196,-3.74575862326631,1.83226521703503,0.118066646347652,-0.741862698452958,0.0118989174002837,-0.6214951102998,-1.76765097835719
-0.331446876972394,-1.05135031638107,-0.760135872178182,2.65169824462015,-0.408867407529922,0.756924181775926,0.192586767661288,2.38385286845201,-2.95765395780639,1.37902319175239,-0.743646702615969,-1.90995200956638,1.00823487383406,-1.2929175595676,-0.872349680408155
-2.46459725236025,-0.148050618232289,-0.581267417209058,-1.41715389896685,3.32858570844606,-0.664210818506188,2.53174484359634,-1.13715370068863,4.7011356524951,-0.513852005721064,-1.72784526472489,-1.17697280475653,0.938624083509274,1.47081298418295,-0.912374788385939
-0.157019656482335,0.134055076611193,1.00416431788352,-2.08037054555464,2.08737145067026,-0.289008280828838,3.31655338262649,0.148121825543363,3.38079887555889,2.63707728560268,-1.24243379997641,-0.931406058351542,2.28200021999905,0.0977479838428586,0.892658118243642
-0.893121773444022,-0.254268727864506,-1.6857973414312,1.39992505390617,1.42543296560624,-0.10167524862351,2.58119912860351,-0.00647266597277017,1.40678843994087,0.274786869861071,0.199644805829496,-1.21614625776808,1.63493535100414,-1.67007593791791,-1.18196410250545
0.485984054295987,-0.932646139717799,0.162146068071222,1.35618479867602,-1.63232554458858,0.132012458601741,-0.121805439999445,-0.941630552497672,-1.68229793451872,-1.82017589053499,1.49520809223137,1.08889578454881,-2.37126464469213,1.10372390079525,1.90950356842688
-0.80628230500402,2.26300702485852,-1.84153927476499,-0.911832915784985,1.74733283939928,-0.544087071785766,1.80972192448975,-0.050836935925814,4.60533229198676,1.60678006989608,-0.0408482252363446,-2.61731187198511,2.02249773634161,-2.35802807929627,-0.516018904688862
-0.294496813987452,0.763200629155553,-0.0371063239058928,-0.780433169608532,-0.222246463573723,-1.66905377561165,1.17990562200088,-1.9268753270727,1.78191501408775,-0.602187625316579,0.267358138524832,1.16296191587705,-2.31663007197982,2.05939784834777,0.443947424178051
0.665955554551279,-2.09440277239221,1.12232444321798,0.106922338574524,0.1192848192144,0.842101700517577,0.11193341450752,1.10115077892647,-1.8288841370316,0.802224988499913,0.787801840797427,1.15210296316698,-0.722016106000838,2.43158467725451,-0.226660366688496
-0.88212654544,-1.39115711888784,-1.40328013405438,2.5078316508552,-1.32017447873581,-0.738603525774433,0.338154031178469,-1.3269675640288,-0.938507065204981,-3.34917323348174,-1.00793801629529,0.419045145360665,-0.872713220542134,-1.60990857911252,1.93401967714856
1.07663781787495,-1.17794010128852,-0.103226662075137,1.99904249685907,-2.48875849979312,-0.899502278226172,-0.0358672402589523,-1.22024035472997,-2.15021872497513,-1.71172914755987,0.670594186564628,0.296823947164287,-0.862817809983304,-0.117040071835426,0.198072496050217
2.75177238935323,-1.26232929910929,1.6735276420187,1.71904030679361,-1.77104331678851,-1.17499861054189,0.0794369317879014,1.58658277243558,-4.69926442643842,0.439890914827738,-1.20768105862496,-1.03857827980636,-0.720543641647479,-0.839856074776317,-0.640724587941306
-0.605298951836289,-1.46129327469568,-1.82274649868206,2.69099113820295,-1.37419886585192,1.7447981037458,-2.14688738530789,0.606164360352712,0.711512289679043,0.437557388120322,-1.00445567746319,-1.26368557233326,-2.03830894352716,-1.23962796613387,-2.1600643471994
0.0975227354482622,1.60100494559042,-0.102977432729997,-2.86643236875756,3.25121286751797,-1.07171938160682,3.13712042572084,-1.09374027939027,4.00856095511533,0.725086238533279,1.03211891555127,1.16343851262508,3.8114135196711,-1.58427611636406,-1.07963617584707
1.24863889793874,0.983706536279335,-0.0466139061579905,-2.21165579938578,2.14202364248075,-0.70654786589165,2.76287226013991,-0.919563803831449,5.35516152172957,0.268943220686914,0.37386239192212,-1.09043504380621,1.63509841702658,-1.29856190044169,1.99522831605361
-0.481761689878208,1.14980769102154,0.901405867803229,0.222922765493192,-0.840289607743551,1.31787821626237,-3.32796782263772,2.26964286385654,-4.50762777853426,-0.633336558655753,-0.858588196454752,-1.38597465938043,-0.778967081155703,-0.57491974782525,-0.506388931145788
1.12618990314397,-1.01275286834505,0.269005818918825,-1.11391130417169,1.22779423964059,-1.64896130419095,3.7695249817361,-0.881154200689415,3.96701881424196,1.25830529926536,-0.58849490317358,-1.2980076168203,-0.264774055973306,2.45314499248812,1.17937410752464
-0.0669967686391959,-0.509322882875587,-0.51350310842243,1.71947318551352,-0.907511446027369,1.65831070899406,-0.847716169933816,1.74945143648731,-1.3062947204376,0.277511397527553,-1.24123618852976,0.256589529783475,0.00700345997097006,0.29839503327654,-1.25250852657553
0.325600034585643,-0.1434903016976,-0.32424537332303,0.324591997907966,0.683603288124368,-1.57158758402772,1.2442657947206,-3.21598625677517,3.3219488980081,-0.531977953639513,2.41239057538556,0.139016529979298,1.52644170311777,-0.489322899982834,1.82837921197205
-0.972712621356379,0.355131875003327,-1.21545004643904,0.440061063448067,-0.673430540342564,2.36794947279491,-1.79978724203688,1.9888464941968,-2.02003106837239,-0.0688987176960803,-4.89207300667264,-0.723972325830464,-0.101984516772987,1.86034037407585,-2.54201030740577
1.41249254897739,-1.80893884229107,-0.407777735380407,2.00796104166471,-2.81244108955391,0.0745791473856208,-0.336547710554165,-1.60294518567752,-2.58992020261745,-2.26641568549717,-0.85870886630569,-0.248384801519922,-4.20197161597063,0.81343593892965,0.777440272520357
1.31381391572309,1.00577353050184,3.18471725455529,-3.88579033713327,0.58692135934989,1.34653448889994,-1.25315570204124,1.06717254827961,1.3937292681736,1.93993503285186,-0.762527573418533,-0.814724940340481,1.35806231180932,1.1150154327903,0.0291903865041073
-0.913687327297575,-2.3688203073504,-0.198756344811948,2.31952986603113,-0.728140285968238,-1.75101766328873,0.115400301794299,-2.46379411112583,-2.42962127892822,-1.97702276234506,1.62776045581852,3.65205255354678,-3.73338190071153,0.175431961407221,0.575631346648346
0.387454353541321,-0.578309645776226,1.71558535156858,-0.893784612646353,-0.742228354224952,-2.50914888312908,2.63982688123175,-2.50256535413522,2.34817734613031,-1.3077830715419,1.26898418849038,-1.81779311888649,-2.05699805282719,0.856068268823523,1.84883079541265
1.38204811639134,-0.0555395775251376,0.931303318938307,0.634971819318591,-0.899321134963421,-0.181760785629705,-0.40471277475809,-1.53091132914537,-2.44346779993531,-0.625468146156378,-1.34629661072526,0.499479901846135,-1.10103316065222,-0.79594200539369,-0.633176018001306
0.144085824172499,2.82207687025623,3.22405335262269,-4.08884572195766,-0.539719703023654,-0.131356278488041,-0.199746728781734,2.19657365381451,2.10566702138378,4.49344461148019,-1.10463972727857,-5.41392801105837,5.68824516169994,-1.95916186837579,0.0552292035525859
-0.219990653709773,-0.907672778888217,-2.07469622883049,0.982715830987903,-0.534171063133183,-0.247817078148059,1.27085313012641,2.01679308165633,1.15327601688539,1.40495748747488,-1.12395738823318,-2.10884984143838,-0.962850310911312,-2.39441281343142,-0.413393681648845
-0.432161395115738,-2.2730022684374,-2.41508783811866,0.922882905929204,-0.429403408363384,0.412158133745537,0.0362137508105671,-0.969916214986949,3.39433079136626,-2.85036043263968,0.817010990647319,-1.7156045274457,-5.22695657009142,4.36952021184996,-0.630711154163335
0.996285081348004,-0.514601197532701,-0.307413551346057,1.04445170440463,-1.06892869906841,0.720425987766452,-1.81946827104362,0.649766135623513,-1.78927672357384,-0.889024214416093,-0.674141080844253,-1.36972138813746,-0.25350304057624,0.241859546195675,0.404324197004763
0.0337184673113276,-0.145466987066736,0.156499202543816,-1.25408423429523,-1.29908637271555,-0.391689172032871,-1.2016291779109,-0.0831664836159355,-0.683577845695461,0.445812844970163,-1.22253143334976,-0.150076916957245,1.37190263898239,-0.175176300482884,1.88315760662533
-0.313942929410497,-0.895581160325507,-1.08847471894768,0.958430381285964,0.0220436850365162,0.145061930109875,0.877657922036769,-0.637195582993288,-0.42449384167515,-0.289549451108065,-0.0636006580335275,0.794858856056766,-1.61630856027639,0.994103793072882,0.197829526484501
-0.62138469972544,-2.29236036220479,-2.51419583559075,2.86170371689313,-0.576683237877254,-0.272477839661482,-1.3213807945641,-0.855486668057036,0.0822115280966067,-4.35347418620037,1.79304376117369,1.18034681027579,-4.55742269259411,3.98268096021135,-0.315502966350547
3.10874577816148,-0.814032845103071,-0.565708601016075,3.04005513099077,-1.41959084993106,0.296661066172145,-2.30327952837496,1.18428340571901,-4.34477883246458,-1.83906523111395,-0.710441574747498,1.00188369652813,-0.77242471259115,-0.0597000661781372,0.282877954059728
1.14276128978814,0.882663712466463,1.81811604129146,-0.840183763179267,-0.753508141885652,1.58715919020669,-1.92753573171972,1.89392191043542,-1.71165080837107,1.77858922065328,-0.814339176938649,-1.88024651892568,1.75249564949952,-3.15209069380285,-0.0445911892690665
1.16286417561184,-0.295054410413262,2.36645108310907,-2.44801793442865,0.268696264844119,0.329193910763338,-0.381088764075223,-0.109347467569061,-1.11111836029599,0.670767321810673,-0.941870737880014,-0.0727706453115901,-1.72566016181546,2.49179852064156,1.65303817258983
-0.543448487283485,0.593489850845812,-0.841162114596323,1.79449926268814,-0.947015417624777,-0.866443945683699,0.725820291003323,-0.510178550572995,-0.82655057850945,-1.20544496364155,-1.67424206744688,0.326703947932732,-0.931122511515799,-0.652060021225045,1.24739404061306
0.941275029477455,-1.16436040777238,0.727213753535909,-0.749375796292545,-3.01599924433006,-2.07728816783204,-0.279367223168649,-0.838440843669255,-0.66810310389533,-0.536945408948273,1.17119126648125,-0.595057320577526,-2.6077355492383,2.83083899626904,1.0766578915037
1.15201473583528,0.849659562691411,1.33352479331208,-1.48511696474434,0.706785944517539,-0.993709942008163,-0.955265372927669,-1.7726738426104,-1.09572291487236,0.419569303479847,1.11512928049327,3.85675007149607,2.78283102601442,-0.0664121110144391,-0.766920974853283
0.568472212741882,-1.25929826592212,1.27435874510698,-0.162153648130626,-0.371532126403228,0.37764404371511,-1.45881763146896,0.479901931379918,-1.5438986082756,0.439527640336362,0.623432300757865,0.0290849183040861,-1.57312353277022,3.61840495895763,0.467762493150061
-0.119461140600794,0.624735943498953,0.466917997281586,-0.49819117783139,-0.625628818495684,1.50432349278909,-2.69941513662706,1.10000569740953,-2.58074160530394,1.05709377104861,-3.03052066068728,-0.726297602964873,0.769249595107993,-2.07599256106429,-2.83015407208674
1.4735894152844,-1.81625484184135,0.1325355528482,1.02502573876769,-1.29177104833715,-0.908697067732908,0.795657585750607,1.68541444123658,0.694705982349227,-0.521223591739306,-0.185369430790128,-3.58534018909982,-2.39824973984684,3.40191956123684,-2.66660272554187
-1.67838773590781,-0.434565881425481,-1.9163551312592,1.69305091040416,-1.96779591194071,-1.84765331589945,0.346384777901835,-0.856785139120442,1.99902924010705,-1.96283350277714,-0.850554879672319,-3.23799781577111,0.489800785124156,-2.88558999235932,-0.126383915647505
0.682489736678497,-0.409678178241203,-1.18579932915233,0.831042836896856,0.0951537595802377,0.475911489686198,0.445497305739652,0.239641152090423,2.14440190799514,-1.32049387968525,-0.786007429582265,-0.783471296300039,0.99528939741797,2.16750733869578,-1.03256553625288
-0.459387082139428,0.481961137398973,0.00646219497415467,0.802830299821935,-1.00330411717268,0.277601093017797,-1.1274703147106,0.526172076776042,-2.13330073708899,-1.06986367092059,-1.04052316588457,0.208082223888076,-1.84298963481039,-4.13535653568779,0.113032843028283
-0.15460473117849,1.80671541139791,2.41829277942869,-1.33222766290599,-0.164101723793989,0.40908874914786,0.624845881678385,0.108529859653074,1.93834772512506,0.610660402667579,-0.72902543273131,-2.43160326988133,1.26673969304304,-0.797443663427024,1.67453047561302
0.55621257823704,-0.836557344138805,-0.244300936005891,0.394456264427554,-0.663865098469968,-0.492829163410158,-0.279378230858627,-0.318491451219595,-1.1442036577729,-1.63247834219159,0.0111400468916192,2.85933070329488,0.887569153471867,-0.0340510719446324,1.81904512290034
-0.775785290785564,-0.588247763441651,-1.96383959228284,0.222264936074193,1.57808233306172,-1.58847220355839,0.499310838670733,-0.578944463189976,2.5543810790527,-0.647898228587213,0.449487580066969,0.1516578294808,-1.16663828728051,3.26699892917691,-0.967750047321577
-1.06104144998351,1.6578315215421,1.52265231498839,-1.15799339586139,0.154160247064126,0.761873578147553,0.0936074798117855,-1.01714202832517,-0.912758527500488,-1.51696341106434,-0.8445736366916,2.9638392279013,0.419396895784246,0.733805554270765,-0.731579894306021
-0.912598413996028,-1.61008085839818,-1.51142838950384,1.66591412026377,-1.0697296978078,0.00733952272617319,-0.790417145784204,0.221008146808326,-0.866075049421209,-1.31585909369013,0.511368344849106,1.02568831671775,0.442712585942024,0.172316122531004,0.917514578074914
-1.48864772724566,1.47181794723969,0.846689319816462,0.0629205034925488,-0.956306192670694,-0.380254899189359,-0.0840085694033644,-1.37379138061104,-2.52781407543844,-2.22755787744261,0.0762942093768163,4.4525420141755,1.69284259361274,-1.23043485161562,-0.187106485102345
-1.46190961798493,0.149661317446741,-1.67241308114517,-0.0944815071569832,1.84870246500442,-0.238569861799626,2.72017348349669,-0.513543349216313,2.27433315783399,0.700568370408498,1.72943406288466,-0.85752659521753,0.834277138171739,0.355293692661794,-2.27337130630873
1.30346642945617,-0.319391880839602,-0.0814791968985112,-1.1982445461178,1.01309325023956,-0.165964776032359,0.658590656764039,1.30850193532824,0.0381193400094568,1.19912061929558,0.48385988116306,-3.336539676402,1.45501399597945,0.61767288258878,1.11141386421438
-0.835951476603811,0.351085254710876,1.30858286788405,-3.34842617243911,1.39146559548985,-1.74799415770193,1.60462809900967,-1.97061158071018,2.53989167994841,0.0884088497460602,2.22310739332581,2.09342962808213,1.57757292067219,2.26689531455127,0.0369372401199096
-1.86991263729141,-0.477840055208433,-0.447038365102281,-1.06734033858137,2.08252694542818,1.01362524061519,0.396468151701377,0.254211336283749,0.861605027306833,-0.390529586230784,-0.809897078965161,0.966735930965943,-0.695636911817064,1.56350668350131,-1.07862010537599
-0.0108876731332113,-1.58902356095969,-0.831600980062589,0.801397253146107,1.33927985712079,0.358961797104549,-0.068599946372823,-0.185507820139022,1.1570441790123,-0.757213764257839,0.305672455511013,1.7068783009639,-1.90309533357596,0.929304185408474,-0.493956204773571
1.24610489297701,0.510395167898788,1.14875211984021,-2.14239152322377,0.716661705897622,-1.17554176936209,2.97002550947,0.289436706768447,3.61545979972537,1.98786619376869,-0.60182492668338,-3.22078196393073,0.68083294639812,0.760844303741083,-0.536909618158273
1.29673915085679,0.236898581707084,1.91866907980551,-0.549228770860259,-0.270060009970516,-1.10640431047536,1.39352731780373,-2.24278484309798,0.0978800362900702,-1.02190797762835,1.36927918000555,2.97708254716187,-0.550781401703867,0.945532631211015,-0.0167010354378628
0.28859615828477,0.856077852676734,2.68177977892118,-3.68781472000976,1.2634465989058,1.10410571071446,-1.41588287545791,-1.19537789475706,1.33343666746509,2.56053462408318,1.36600511511012,-1.0215938916225,1.97010753166057,-1.878041257501,-1.30438813186548
-0.0684646055223262,-0.726949821989561,-0.0157406731483164,0.612138531534758,-0.77305564161634,-0.166736034938524,0.250696187682864,0.80971893046326,0.649461271459187,2.05581089733498,-0.832491725412498,-1.95024597565968,0.15559802521752,-0.49052172265766,0.648037161199566
1.10104995523321,0.5364661245088,-0.959903635050899,1.15770306076723,-1.26308898657576,1.23564638074262,-1.54736887501847,1.05700970453328,0.209480717923742,0.144321727498262,0.258150682180168,-4.14766947738438,1.34566455785533,-2.09219793984428,-2.50545576985761
-0.556021273100529,-1.19587713938711,-2.0066652685237,1.36692449690863,-2.23576025099467,-2.07293780427049,2.04436974779633,-0.982390916183901,1.49033601667382,-3.53142346138416,0.956288792405765,0.64185816196647,-2.95277693544638,3.09341473290228,0.791341223093335
0.304379718952511,0.165834223712036,2.17861897945394,-2.36731394689357,-1.33356844581333,-0.418120343509488,-1.27239232977154,-0.967466658780581,-0.592751643166214,0.531497738151935,0.948638543430888,0.627758060248115,0.740442442236122,1.14689267332352,-1.22842604469129
0.122415370856619,-2.57800169366768,-3.45847127747965,6.30917182215877,-2.20367283969585,-1.65694097025563,0.799329053622787,-1.11884727709056,-1.19324913887327,-4.68579065315002,1.12786876466393,0.688305457434372,-3.32882276434018,-0.296522596493952,0.245678385036847
0.276350206461094,-0.1137874863406,1.52582263533612,-2.14544706836448,0.157954729338733,1.10066526360716,-0.447668607528502,1.40201409812106,1.17590996328177,2.65851119581763,-1.58422016200665,-2.6317881556318,3.38473995651642,1.21718946594405,-0.998769222834697
-0.61985325026523,2.2087344411341,0.468618939523852,-2.3780440484852,1.91681014770044,2.15967317286077,-1.89860501515842,1.07219919430104,0.445016164936642,1.31049937639721,-0.161687807979021,-0.938848625320733,2.02643662518303,-3.22956894961026,-0.781015274607217
1.80931407989996,0.762492093278635,1.97961864402674,-0.705000339195883,-0.579646671739709,-0.755669052969121,-0.528265722338956,0.546736218315681,-1.34290560166758,2.40946983308671,0.589966656576153,-0.436653305864147,3.52475380630374,-1.23003097040557,0.235269284536921
-0.240147968437461,0.0425325199676713,-1.3082110555213,0.357519166037502,1.17609035089393,0.150164745521326,0.4623091662362,1.30768840827912,0.395964810322458,1.11305960370086,-1.13185667045252,-1.50790951731145,0.439277986791323,0.836371726959767,0.159693441840105
-0.60557466691411,0.910959714311274,-0.988443234992031,-1.03117623290852,0.371151565931315,1.1952848877908,-0.524833134958766,0.849567248964857,-0.142740595749126,2.55209504794699,-0.312715621615865,-1.70192859032767,1.80788254963008,-1.47699501801645,-2.86872885659543
2.09588063747896,0.141585875206278,-0.24068472508419,-1.10486513429705,-0.770543173248608,0.915408830252177,0.245926488011642,0.621018468894107,1.54552856219021,2.56117138073175,-0.128737473916562,-1.85339433960419,3.17214505695408,-2.64762902860117,-0.829374685058764
0.769218854391281,-1.55336000296078,-0.87656636313291,0.164334636090325,0.710133013017426,-1.0182781301665,-0.0289084389977298,-0.231721275745007,-0.891527247128214,-1.98052764446692,-2.22066153705311,1.83643746857394,-2.39125304397602,0.799964797997336,-0.054215792052951
-0.799499967225055,1.98791746263153,0.656595806004216,-1.80785088384732,1.19712476717745,0.999856956847964,-0.61967998992352,1.69391066312131,2.74367393731168,3.45832598832775,-1.60508035141164,-3.43317868553811,5.96345042266896,-2.93503126431944,-0.358365884915206
-0.217866527063418,0.442716324524093,0.9948784112931,-2.67925953825168,2.14416536984518,-0.55179167155708,2.02662931569872,0.0722990826682768,3.47226626311185,1.87423261105391,3.46571377885622,1.1697335920434,0.267453181439932,2.8947565739117,-0.00537471833901426
1.02597460159099,-0.591127806041267,-0.751718300254657,-1.0283180036733,1.22582426268184,1.18630940285766,-0.64827559518505,-0.06774751432276,0.636573858359448,0.923187693749831,-0.507049824952121,4.82227632164189,-0.239863735888961,2.52847856287786,-2.2654261060631
0.503346013588284,0.407508549981705,1.45670578104452,-1.71457156386385,-0.680660165866761,-0.941654380526253,1.06616337108874,-0.425335805165269,-0.606990887287484,0.981197382341112,-1.37725741580805,-0.530173585097661,0.01183764577615,1.55983232305669,-0.365986145901062
-0.230708675453487,-0.436422405591257,-1.86927865968882,-0.879321854043796,1.64864402258088,-0.109151244294547,3.07475843818185,0.862343831465366,5.5415794964496,2.14516265181478,-0.136024790694218,-2.57583299918109,0.936622127973079,1.56966840117509,-0.208908760975031
1.00977255514891,-1.42687470400296,-0.576994932601463,2.23395151740888,-2.68524799754266,0.941383512496169,-1.93004909958098,0.300066206982201,-1.24957558232258,-0.61885957768708,-0.00264939215458791,-1.35661827538353,-2.49465342991103,-0.915550612281002,-1.36571886409247
1.74250371888377,-0.376366479041439,1.17833857091865,0.28852041958784,-1.33271236348393,-0.482754589513015,0.532958567263945,-1.33392014176171,-3.21496172698525,-0.546486048079375,0.924875956177482,2.28720504510492,-0.86920965568096,0.566159538197812,0.567654341180329
0.751592894964143,0.419906492466064,0.784612213648193,-2.45095722855828,0.710331189421854,0.64154091465187,0.465418006979618,1.25179923953817,1.96610979292667,1.70159165925878,0.46750257572154,-2.61385029456126,-0.960157454542838,1.80163619418219,0.935240157434111
0.727415813921919,-1.13392243282017,-0.771863381875366,0.839631501177571,-1.73541862825631,-2.65653543075459,2.2574449780907,-1.51404028711877,2.91263417124837,-1.33404048341038,-1.67798774934103,-2.72946965146037,-2.42353341425761,3.40542278001775,0.830736093340852
0.0442107185684199,0.447710932054556,1.44394066516935,-2.71048872569126,2.5954010426663,-1.71547682985754,1.44801526066981,-0.909317605372917,2.78688222968528,0.603236307901986,1.70586431314074,1.95286771896821,0.63471384838276,1.44367274864447,2.95591580416833
0.42765864522194,-1.67081715830783,-2.32187907489409,4.1784434507369,-2.39590278967538,-0.0427268272941943,-2.15286418618594,-0.695173539578246,-3.89090981930174,-3.45381072928454,-0.85269692765608,3.01481155457635,-5.59853215094307,2.89065733762865,-1.00595387028775
-0.214243871206264,-1.19287105387676,0.237797809556315,1.86672576246179,-1.83722684312192,0.38357657552833,-0.845159364065761,-0.37828201978996,-0.892594526571855,-1.36728731182211,-1.00070960394467,-2.07658737254235,-1.69022782941841,1.36443882688996,-1.16343874001639
1.00813445303941,0.891665480130408,0.936281035447005,-1.26851405869885,1.27528750170821,-1.03262158721364,1.37804051390562,-1.18353003581415,2.47514410578721,-1.09205195139493,1.52905823387844,0.159260580914036,-0.248413782094494,0.389026794529154,1.61885451128133
-0.215565723031099,2.15523983513268,3.68280805595535,-4.55303617257406,2.03016664584529,0.88221064033705,0.630070697329584,0.694700028101716,1.9540210251184,2.74274471148594,-1.38716684937026,-0.0124096994248087,3.9109794364186,-1.04230867950535,-0.383150924419172
-0.432746348629263,2.31985739832383,1.64120962200738,-1.90920515963685,0.857059959377209,-1.27058366465285,1.89581886533326,-1.13312491022372,0.873937075241237,0.372636282122274,-1.05243337916648,-2.10676335714779,1.99491868572542,-0.215949706192957,0.255166223756788
0.182749023613705,0.340869770864061,-1.10677049953866,-0.826038196904817,0.519758196579966,1.44028321895506,0.15682269786028,-1.57689199890227,2.47065194489248,-0.162773679367034,0.370707355683895,-0.284203051906021,-0.457775657374121,1.19133521643168,-1.77160353382633
1.66068781053618,2.89014763276329,3.64312835379642,-2.04373726949995,-0.00547498120950955,3.04201322843755,-3.35944934173025,2.59414315286122,-1.20650953627081,3.19066939254311,-1.33370830598723,-1.88318057574671,4.76017271594483,-3.89897487733352,-1.41193960518639
-1.15003066775853,1.04061572797194,1.68648277139619,-0.411317898630428,-1.35251953663762,0.49441737300511,-1.92269167293645,3.02066761818415,-1.59599208147991,4.76654309487179,-1.69621734386491,-2.62227466881253,3.55163254526066,-2.00726013155877,-0.161413912031721
0.693855016491815,1.81729374720367,-1.11416007464753,0.927335496708604,-0.63095422344162,0.999836181949288,-2.22042408610505,0.0836140320978979,-1.33991171040512,-0.336726045669763,-1.07363068843353,-0.258103049853541,1.25465565009869,-3.04351358268016,-2.21148372208208
0.438176634275628,-1.66272469741001,-2.78063146862497,4.10295280207923,-1.09575927758892,-0.0204497372158275,-1.18457789604526,0.306602594659351,-3.04576875676559,-2.39683585005241,0.519284211209796,0.873544001085479,-0.957144454780916,-0.598556746967029,-0.017686072670556
1.89912436241928,0.467558817105943,0.815315698371426,-2.59570135432453,1.36967204379813,-0.175445898403964,2.38194275690595,0.180644508749363,4.57686435807072,2.39210782408995,0.252249521404428,-2.72313008052205,2.30246662904232,2.13687930874568,1.4006624013778
-0.846432097166252,-0.406959938288364,-1.85250331512892,1.13483638132599,1.36509745840416,-1.17267199173013,0.194526974435141,0.309821415560849,-0.525619720756934,-0.524727363258433,-0.215266194272465,0.863419348093955,-0.362775025389115,0.0196295982288715,0.452695139067923
0.647947504715504,0.856656618620041,1.60321551109455,-0.604363636005667,0.488589856570603,0.901596954235884,-0.357535247286601,0.710853342221084,-0.884666282629708,0.703068209387632,-0.035236165018093,1.31540570671611,0.524517750795708,-0.933866723187102,0.822557406384641
1.18395241872568,2.08292280377683,2.15736880298676,-4.59231364836158,2.66298674998569,-1.62420738210297,-0.145281544683976,-2.54734911883676,0.200877076229756,1.87144295331904,3.10504187098869,5.21382720661484,5.33959183566443,-0.856364033698053,1.44391827207754
0.0531857370300845,2.73555108445056,0.98205714223398,-0.924718801006407,0.281329580693156,1.32038905340872,0.886238301112527,2.5940264622516,0.0726071080524025,2.45879151726778,-1.94405462972619,-1.73271976743298,2.50455517038693,-2.93756186012083,-1.85019598122749
0.685855217403045,-1.88480747555515,-0.255875494866253,-1.5941809067232,0.633292526886007,-1.24848724812878,0.943581040706103,-0.9646532930669,2.11530811202864,0.64151520105026,0.291398643081498,-0.998536135832867,-0.297922540466821,0.925361403904408,2.08304989250201
2.62003025116355,-0.580298049309352,2.31962766763691,-0.779289336013965,-2.03984551905789,0.954605290846109,-2.31004458598485,0.136228529384265,-2.41105767657994,0.217536725227522,-0.25124926736795,0.339938524808893,0.737138220122426,2.14730925845066,-0.0221409166139186
2.35250019400827,1.16743856977603,-0.790434823300636,0.53015471190545,-0.818111837351475,0.524287130483338,-0.00200328840420275,-0.727194531267459,-1.18199862557749,-1.51007357566073,0.536861676817504,0.561692475566158,-0.336345138188167,-0.972788065693737,1.20908322060122
-0.180582842660172,-0.8646274879753,-2.62967447169575,1.15136137639379,1.47749663692363,1.8480017274717,-1.7219773792921,2.340918427585,-0.172343390220791,-0.46141982632723,-2.52431871064739,-0.15037609026516,0.422941284739332,-1.92996510851479,-2.1797588315504
0.837528292601406,2.29566079510427,4.5523258598917,-5.14777430880173,0.219072326844985,0.325575252332638,-0.490104630159135,0.514742861515479,0.871634757111923,2.30779364121215,-1.59158304171387,-1.11716897115574,3.69794358872628,0.0899036308707256,0.348056666079834
0.871485690423889,0.976589342544225,1.20788046302468,-3.10310819218398,1.82828429087733,0.198111812410633,0.983571224398086,-0.909638003535252,0.44804991055605,0.201658386200161,0.250903228788084,2.85745896050667,0.820880500664752,2.14389830704413,-0.052478916966947
-0.447771524664889,0.224149189688728,1.54834800973337,-0.912588569855719,1.0322380321952,2.28236775594353,-1.41196907777116,1.47299440119122,-1.59787705621682,2.60755950253549,-0.859734499035327,1.19324322094312,1.59866227682842,-0.279225148244627,-3.26806466898428
-0.246781715999012,1.26607602487946,-0.955121958531133,0.63474804832897,0.761484233271146,0.97749219059277,-0.759991609416322,2.58312816317014,1.84777379220147,0.253571045429174,1.74116642637974,-2.70729245925778,1.15572287302765,-3.86045084394837,-1.2677540075376
2.0181366733001,0.622763693834234,2.63318254681036,-1.32804765844822,-2.41106659758197,2.81241329267444,-3.31842831188619,2.40163334228408,-4.0663595832708,1.59178869855766,-0.7851076686621,-2.64609320061025,0.0391541800354568,0.339351945787208,-1.65112932942064
0.24105330861738,-0.406518714134884,1.43717762642867,-0.164019984906668,-1.69632343683809,2.38189690990358,-0.486936925073439,2.19442047945357,0.386721926681998,1.29479744859007,-2.77028561646915,-3.64299247729472,0.380236691946303,-1.76954941999985,-0.384482344978851
-0.494102738751732,-1.25059902959774,-2.90715627578446,3.76303962514792,-2.24836597835907,-1.43550602551632,0.338058973425661,-0.581522742943328,-1.20345863467604,-2.79865291013091,-0.243859680383514,0.0857998472269648,-2.29248907053432,-0.268839574828774,-1.59375983288533
0.291324358312011,-0.0700166400647111,1.042028654373,-0.324474890481434,-2.21953757225188,2.06486403859206,-2.17239854591548,1.95722101637392,-0.827820106915269,2.15039090704891,-0.200363389792784,-1.80883532885493,1.09734009960397,1.56955630281515,-3.07162647887923
0.793813543896037,0.764191801191349,1.3312903282267,0.0560641373409357,-0.730880427943552,0.400615227010582,-0.901609393677761,0.335070591142019,-0.175832870234464,0.564289420370112,1.13186830054948,0.612195644655321,0.852506013410874,-2.32389992177644,-0.862668009572325
0.953982247593965,0.110735840766437,0.929577580532609,1.07032717161545,-2.50310496085966,-1.08244489932254,-0.541136094308389,0.0407199810451632,-1.15176310197213,-0.570904824434634,-0.296804808430173,-0.251906016185726,-2.88503646203029,0.212616843919951,-0.947701672130051
-1.031673506103,-0.761497626469178,-1.21653869754234,1.430131636929,-0.84558284873996,-1.41426048504883,0.117795958865144,-1.35901335731242,-1.15846200547605,-2.88799426270869,1.10833300128152,2.15279760382267,-3.14969650613132,2.11509436691866,0.150450444137204
-0.47103590555727,-0.396280405355584,-1.23796775217016,0.304382776929863,-1.9497830855381,-0.678648695579284,-0.528735926631585,-0.258470177386462,-1.9968904983747,-1.5036640256171,1.01534196666728,-1.22152832065413,-0.00391817158866872,0.190757699125412,-0.73549332824153
0.124195879750841,-0.132570996673938,1.45033172079376,-0.241642922025811,1.7387846260707,-0.899787516069199,2.13808600817749,-2.15114324315438,0.411596068658397,-2.41484674506931,2.18827443711543,5.64071553118914,-0.857152232522962,0.321120137196525,0.105110008884602
-1.70335624971737,-1.50161423173324,0.233773990096657,-0.105143325973821,1.14216514079627,-0.679853115543983,1.05432078412643,-0.177212004781507,-0.722820525832387,0.353736046529449,0.0774916996528544,2.40525785347186,-2.71175198335762,4.872679304883,1.44423368923442
0.808017047487913,-0.196125015303802,0.434463623333176,-0.0482720248015663,-0.67285042236866,-1.38387917592802,1.18891900239568,-0.810542037115218,1.3037404574754,-0.20282678513781,1.07025252862689,-2.20233332435141,0.595926059422644,2.52253507906842,-0.449676178219442
0.531673728362064,-0.964032530173428,0.324046964180256,-0.199038027054754,-0.35490578578909,0.334112549040718,-1.51807898467761,0.338896363060458,-1.3982142129334,0.445201048346493,0.845907938608004,-0.369453909814565,-0.637321039076049,1.12370087341243,-0.567945845003979
-0.152822646511678,0.518358390880513,-0.733599423014014,0.0763703687380164,-0.325234502972454,-0.966550575829488,1.1409730051302,-0.799076739260707,-0.705288897089829,-0.372452922554613,-0.272996691643696,0.199606772628844,0.761090811269241,-1.21424913760807,-0.600134541124048
1.10224690359181,3.09936600769231,2.91685303700113,-3.73183574161286,3.93586287945812,-0.591299287720094,2.76188796774878,-2.17178889842524,4.51064363935334,1.31034592392493,2.73887786458769,1.11671779209714,4.60201987320061,-0.713609910975734,1.33552074297807
0.551399869965819,0.617168556238658,3.22593717876419,-2.2754248336074,-1.39622597298266,-0.411469191434798,1.0784780870549,-0.734486051311009,-0.328713635221469,0.662530603084487,-1.40251308400611,-2.23211855430116,1.0307576711747,0.751412561135596,0.0946249313534618
0.512384280187513,1.35697059223244,-0.746244421915517,0.450283475201462,-1.67516692871491,-0.916571633256662,0.239904946255532,-1.88571758606271,0.514169367202777,-0.672866848067581,-1.88317988627434,-0.645058933129667,2.02047451379031,-2.11694699040988,1.51059454037436
0.72873053033905,-0.914779913898729,-0.651006439942323,1.2938772113749,-0.886247496383555,-1.04687155580142,0.473688906719193,-1.70086900293118,-0.233285169319419,-3.29601093072791,1.58997583136066,1.72643190269372,-3.24564194193548,2.09509489927252,1.12585738545648
0.21527035844919,0.364545466289316,-1.94117010246665,1.34472729815791,0.119277922629735,1.28362351725132,-1.86706809295079,1.98700729869391,-1.28862121285887,2.01685691467961,-1.85289496109727,-0.9801598854774,0.636541786669828,-2.35618249834836,-0.262588115638215
-0.977285247307357,0.0850769660926147,-2.44952838812131,1.68960616766407,0.537625460409237,1.50939811823971,-1.87583735644027,0.772893652862647,-1.77237490825515,-1.35207437701744,-1.18753364065247,-0.0616516403939683,-0.150690775336497,-1.52905108758753,-1.35882919817846
-2.1526638858138,2.11969048382505,0.36328455908527,-0.832405378791853,0.981050171737135,-3.4576949303204,5.32528951347601,-2.95412938286861,4.46494191854663,-2.4473468423435,1.59350404137494,0.731473673173282,0.232381174207715,1.08286328415561,1.25272949980759
0.29296485773533,1.34009579460156,-3.15969299713031,1.4994042918523,-0.341617795203067,0.133721981429737,0.50722060721419,-1.79010973317538,1.02816771506628,-1.58995822040454,-0.695131310882933,-1.2513128029199,0.229710442458849,-0.849890486410803,-1.35646189586566
-2.00746235561893,-0.904736256089667,-1.2771575386755,0.405494796820244,2.39159764745223,1.48692100277157,-0.981557539963175,1.03758486071228,-1.30017960860111,-0.321628416446279,-1.81322471070834,2.11646383489436,-2.09577568367664,0.348662359449418,0.462206698291275
-0.395784654825292,0.77923536838377,-1.04408041296306,-1.11606563144782,0.0666805484994724,0.419065644017197,-0.735179430819679,0.983484562269701,2.73747285572698,-0.698043834625298,-0.476054863746934,-0.0927508046283508,-0.197782091286737,-0.316908039612834,-2.63184331240913
-1.19460772906432,-2.16813560532365,0.0964537056349932,0.134555060946721,-1.24898623027964,-0.735193148647076,-0.868593828972848,1.26976330112426,-0.0107423841539177,-0.853300369781202,-0.207184906585304,-2.28116394747172,-2.24043512085165,2.54469355425847,2.36473675079635
1.58017583908742,3.23072941669295,2.52038437061924,-1.23170260587178,-1.84786372629939,1.54211506470616,-3.08674258314897,0.459509895671107,-1.46209903683527,1.34577707368316,-1.75990404078329,-0.454083248109387,3.48162582477362,-3.98229538855383,-0.294894413700098
-0.590183286052115,-3.24374616938554,-2.15701572204919,3.15901800615307,-0.18043808550313,0.0274905385463208,-1.78953627455717,-0.707624820385611,-1.45264661255596,-2.92125411841529,1.8052756868677,2.15626253832387,-4.39603825211378,-0.166046963385495,-0.490864908022954
-0.328266663230656,-1.62387625983849,0.586299434182199,-1.02180926898528,-0.543234646550586,1.23186563595243,0.227856743849751,-0.0382704127313623,0.734871111948935,1.62218198653114,0.98863275097571,-1.58413175826133,-0.842847655564077,3.05746879201104,-1.5421726066136
-0.0975201249357802,-0.714913823073504,-0.584257626149748,0.388671705431859,0.812958861209441,-1.3745397946344,1.2568449841589,-2.34399076643374,1.47125412642655,-1.94131344301257,0.902890892452264,1.93152673172408,-0.842069408528475,1.32628154321641,0.294806762382985
-0.38469360847633,-1.80730461948834,0.30776908443184,3.01460423201232,-2.34866419033252,-0.595373026230992,-0.757271515542913,0.852182545572554,-3.59759993235042,-1.43971120454688,-2.69883546940694,-0.274007650281669,-1.46823554379296,-1.09715884253371,-0.751366041382
0.0812513116557772,-1.64520809163358,0.85274708536158,-1.01187450143775,-0.580416187982993,-0.557622853380595,-0.0610838999670065,-1.34521730282496,0.943135772480164,0.97328246996567,0.133061092429525,1.53276642740014,-1.97975658692823,1.69380470888476,0.171329321662478
1.45101508253037,-1.38257770284044,-0.391313655527644,1.4701556598898,-0.683739939155718,0.746571587040885,-1.68518330965971,0.431625959895002,-3.07956797887394,-0.628712096764077,-0.356586234283929,1.12945339407621,-1.60677813755516,-1.78402433373657,1.57156112792964
0.0778124322672533,-0.362877333091436,0.00851462417242173,0.353152002985644,-1.17300067529891,0.0538842622036373,-0.56223528013231,1.77804382799812,0.514039121486836,2.40558024384368,-0.531484516417908,-4.80656335862379,-0.854491487666312,-0.665722463937546,-0.240909187748218
-0.718843286564012,0.757447835537946,-1.30095563857768,-0.789387997547841,0.917253316776223,1.6209189574571,0.986493298427615,0.27211823982623,0.501629755747485,1.04081064957802,-2.11962674516908,0.301128243353142,0.0321506322146912,1.86662943539999,-1.70066318934756
-0.276676209575192,1.35352389253568,0.0449522494618387,-1.6928851781294,-0.37387754531089,0.863618939618529,-1.31392282751793,0.425366278825092,0.141041108920546,0.958447763043482,-1.60743492247265,0.0385508079235515,2.3255734754558,-1.52585876106291,0.718024827901204
-1.37508466431316,-1.09247239162742,-0.12481365902062,1.58036783306179,-2.11727591595847,2.75766595636905,-1.95823009321316,1.5886489570078,-2.41963182919497,1.9633696338511,-0.850548942984755,-2.49790800901409,1.80821156893974,-0.107051546422891,-0.984126342974685
-1.54084780652532,1.52378983814252,1.23200764952014,-1.28662781177509,1.08552623308819,2.19338461045283,0.632077785833699,0.768098743931525,2.14608073950561,1.65922647522614,-1.94913885363364,-1.1168304499397,3.4561197979582,-2.14474289686971,-2.34503317917934
1.59243438840934,1.08642922155615,0.66868670005677,-0.425543786074053,1.7746091334369,-0.197532163552895,1.94253552966939,0.296295593361044,0.478045838452257,0.9019647854623,-0.490887033849494,0.424482069261233,3.17712700750016,-4.23149168556594,-0.595294919242161
1.00535218961504,-0.735410998049483,1.36936997447428,-0.747042208684477,-0.0905420781185266,1.3572571291956,-0.991241442098462,-0.163734204891431,-1.29303730020265,0.324277598302681,1.6657793705796,3.59045945762253,0.965691474685862,0.355458008950768,-1.82979914945744
0.429160108875997,1.95228371109648,-0.36930630991576,0.317479942875475,0.0384449423433425,-0.00636089898794344,-0.0717488528496404,-1.42626415661547,0.094646077603909,0.310612762044224,0.441582378646114,-0.770398754436519,2.42807335910278,-2.37722451804958,0.478793202163844
0.449093935483706,-1.2543224904372,1.23399832111381,-2.11912067550432,2.45956908330002,-2.6759742126216,4.81077445163205,-1.34614045689783,4.86457181287164,2.11822637654093,2.0804272841462,1.1139441254667,-1.24070285373944,2.94995307912655,2.0494483273235
-0.902664217005265,0.434116664785661,0.243115279967018,1.60447504946184,0.825216290689183,1.24095120196494,0.77299017014883,0.673145052039891,0.465948993920332,0.690141805578128,1.0009203919216,-0.990681177525787,2.4504852488856,-4.07451322446039,-0.724450511999256
1.71588302260401,-2.39707298180832,3.05586361929687,1.03967774012055,-2.0674490307911,1.15637755001745,-1.73088029514589,2.30086549058755,-5.6973887111027,1.46087066627093,-2.72902341460104,-0.350608416550185,-0.720509923219013,2.2297181793606,-0.760055463112362
-1.32383717209183,-0.126487401989425,-0.224476096876834,0.489947283766224,-0.051647800140539,0.635243937446094,-0.813702610901,0.989689482302681,-0.373552278966652,0.513394897369035,-3.23509760330123,1.25700929953084,-0.017119065680052,1.93112823259169,-0.117772904538474
1.49167852151577,-0.362890481684434,1.20253837621805,-0.0300568917142325,-0.362318507065916,0.293370035466107,0.559150259357804,-0.926812658312877,0.061611871506262,-1.51570029038584,0.358384437609261,-0.502745164464936,-1.90996822280549,0.875363543981487,-0.274557315529437
0.033405929460004,0.148175021838852,-1.31093878460423,0.963291050559637,0.777312945671811,0.175459799667675,0.0703841075804119,1.59767522798053,-0.887619469718697,-1.04401364310524,-0.912486177344217,0.572582276598802,-0.338641820313079,-0.274172698167644,0.0559224539630048
-0.151944771196981,-0.170710104770481,-0.98456822090953,0.158509941142855,-0.527385863262634,1.73426745790484,-1.19097668040638,1.84397647246064,0.3114534730438,1.23706750076742,-0.839509184075864,-2.34244642517058,0.229243426103762,-2.78247569232614,-0.389764030390246
-0.664217694342259,-0.440843794318832,-0.76961969564292,0.839277656593493,0.72061033073153,1.53222335671513,-2.0102191420703,-1.00662220862411,-0.83207265613047,-0.934013372332573,1.38938909564724,-0.87019069413201,1.63492833015083,-3.3355077773582,-2.90917984178485
0.502209891274965,0.488930391254738,-0.334343336739607,-1.33510618705417,1.38323445005003,-0.349968317865422,2.76438747355309,0.182979679580166,4.49224824209764,0.250270488550753,1.47708445122488,-1.37243243102375,-0.0672918490367987,1.90565235536994,-0.720982934779778
1.47918751443296,1.53485584818644,4.43426334372762,-4.48996403015911,2.24527221905821,-1.31558926999865,1.51589985771041,-0.0893851025434382,3.42887387733053,4.11047464490223,1.36947227862204,-0.0494673734074122,2.99394644019935,-2.10171100804587,0.256424936153823
0.770096214395358,-1.65535109865463,-0.978394640472663,2.08406674239362,-0.947198532118954,-0.874194754205183,0.641325907312604,-2.93738821608691,2.97487118557734,-2.14150918775574,1.7277772824848,0.171568075120525,-3.54701810193059,1.91913825443857,0.629926026030766
0.726628974219387,-0.4490200078524,0.921536101836743,3.46909726251606,-3.24773515519494,-0.32667450326098,-2.16311901614881,-0.643467881838281,-5.97755912804327,-2.62142223653679,-0.92201846376754,1.96169274290241,-2.94402957209709,-1.74366389762881,0.396301523451439
1.4175142173203,0.619528978247108,-0.426729021111808,-0.546822531237183,0.680192135596807,-1.07714194767849,2.86352289931973,-0.401519925264546,1.10874375329537,0.221032396931375,-0.280824862536433,0.853817427944234,-1.54448317259191,0.919830653324682,-0.56642416042457
0.0504041468417609,-3.52777199869257,-2.43411966144464,1.20018562784703,2.25844893457075,0.558276872103737,2.04218070699038,-0.51617452581636,2.45086032137857,-0.557242283016513,0.373388620054673,-2.12200827312092,-3.2200973966721,3.58821092305388,-0.00303842352423873
-0.353506513364231,-0.212618273205718,0.57357814862125,0.100576193114082,-2.04599282253564,1.85051028179008,-1.54302692543899,1.84398747331249,-0.377564128239061,1.56998856002318,-1.39964061863514,-2.01248922431356,1.07916934704828,-2.98656130204283,-3.47312674729486
-1.00636000287406,-1.59642624360273,-0.3745453193172,0.462901166041112,-1.07388673134654,1.85045251301228,-2.42377733297811,2.3240638950381,-4.28027751487184,2.96716527911154,-2.07766177444038,1.80095125553356,1.17295470402047,-0.111830778254393,0.457698088267622
-0.596798186143933,-0.914568152087264,-0.120049559518764,-1.20445627632429,1.68740416685563,-1.45859066132213,3.02988397328741,-1.79752312387473,4.36274478605093,-0.194623576793549,-0.848359088918441,0.158122538735488,-0.623128141919362,2.41117485631949,0.949806852743386
-0.587997876091195,2.08459620561595,1.43949193806788,-4.45554899859742,2.25281095765448,-2.23876896139915,2.22161882227206,-1.25404312904316,3.73110454644338,2.28507582347241,0.938077292269592,-1.17644044962113,4.35786634474064,0.125922765106456,3.26404819937809
-1.6524624423716,2.98789533947531,1.87261504784728,-1.90122435712743,0.0879367399154612,-0.849165329929192,0.22312918782792,0.157654432145249,0.786750254202432,2.93253839709058,-0.599017607347781,0.307512452621432,4.8383914563782,-2.36160001590746,1.25207189643787
-1.42278552560048,-1.48785834993329,-2.07677599814898,1.39978337549769,0.445337637660159,-0.412984871815703,2.06671366580223,-1.24645237989292,1.26315517078521,-0.828247069046014,1.6315800248878,1.35615853169335,-2.71132663179391,1.24495108690964,-1.23554410590868
0.968084516555112,0.379626319122322,-1.16459647942055,1.35770960235761,-0.7792146391961,0.866970051107375,-2.3997248553825,-1.02314788251924,-0.420309629475725,-1.12302223588414,1.31380571966348,-0.912163408538959,0.0930079926095787,-1.06698751608633,-1.8005028578513
0.462370748248227,-1.07329421409009,1.19309293267537,1.30125412067044,-1.46207140422593,-0.0553702907421237,-0.0758291581423692,-0.933982982881445,-2.0569951905247,-1.26954023474214,1.27989005566455,-0.151034202574269,-2.54280528614633,1.92939382426994,-2.33101187874788
0.162528823650416,-1.0610002880507,-1.43143426567467,0.822839410779452,1.10136289542685,-4.32982464166215,4.8184758360047,-3.10491211344176,3.55054405539151,-1.75163820946937,3.09284534527664,1.47641760052889,-3.16308089738118,3.27276145173345,3.28213745106677
-1.4177317432166,-0.43243942752249,-3.59016291051641,2.76569468243599,-1.47182612392691,0.196061463949074,-2.03104979644278,-1.19893118893032,-2.83249181411278,-2.43914168827509,2.33342641614452,2.37293600152899,-1.38644874541511,-1.84946381952559,0.896379767513569
0.677332749991651,-0.700341795815941,0.372749675732307,0.683869290444304,-0.386102507307535,-1.6979687944514,0.463018375885595,-2.23319099191388,2.17511792618433,-2.15408874112675,2.29879604846417,-0.0181607828697022,-1.63435853716962,0.613382356459768,2.55774575330975
-1.38241730931735,1.28481535716546,-0.35470587266829,2.06316261795719,-0.0853597487077719,2.02015054266475,-2.15041918284032,-0.546894837614892,-3.19250326436757,-0.0267965286572044,0.235461035268414,2.68554208905404,3.09244922561108,-3.29956195448622,-1.03856210218418
-1.63309283863479,-1.18350471231328,-2.48190604221645,4.35213974997442,-0.0598322225244874,0.0861634455414792,0.418766320313455,0.374548257495613,-1.27504179627485,-3.86388837664528,1.45052299605964,1.59129063889505,-4.9492617176041,0.173191255575755,0.123878081087219
0.306699967836622,-0.686420710863017,0.354578505043023,0.919271184256485,-0.310403958668019,0.144184147960971,-1.02697700803472,0.239805472101905,-0.868714050574928,0.52900590177362,-0.906106188103778,-0.143977912843273,-0.401349001844645,1.26227745823672,-0.105097115940503
-0.168480785416824,-0.269759231425507,2.1038788861428,-1.41485423905257,-0.634426759875534,0.505012638612405,-1.26376468756946,1.35514007547361,-1.15221352026354,2.8412384891637,0.648135230320913,0.708440837115711,0.609831641161453,1.47109505854229,3.17365695520503
-0.875372615976976,-1.76731471220047,-1.46739942625267,2.73975679552202,0.288871159353734,0.1685182049117,-0.754589435509741,0.844059735110421,-3.97168888823547,0.138233811261114,-0.838133652604838,4.41446651719528,-0.790259355995847,-0.119636110827141,0.505911601005753
0.0861347198581986,-2.11353584428813,-1.38013456203924,2.06517614620107,-1.23041066687601,-0.454135563151653,-2.20593170748996,0.936676675933297,-3.15983107188782,-0.926449581575872,-0.465444596321866,1.92093327911219,-1.34405551483068,0.779086210078364,-1.37917465834832
0.220900790100491,1.11782783337283,-0.147599479579062,-1.83426855235143,2.35373083778161,0.201671591039661,1.21186729753975,0.509897983448427,2.88251547670745,-0.0849885580655454,-0.878511069319362,-0.571415285379014,1.41609417466119,-0.152853877085413,0.729689548400329
-0.563319058474527,1.76749118757265,-0.392092657193309,-1.68733725357873,1.35379654533193,-0.167272139433771,0.538151115628524,-0.562789935400536,3.53030312145201,0.855958052070112,-0.20443877283857,-0.556115794586795,1.51636395851199,1.55709166200382,2.30593610720639
0.589739882948341,0.567897136115179,-0.250420485476082,-1.20122523836713,1.12603169927904,-0.108646359171048,-0.466241611501601,-0.00475148032564678,0.476355945745681,-0.797674452681601,-2.23383297594516,1.03486755432307,-0.415337890164062,0.0932242661235147,-0.992673583465802
-1.51154827429433,-2.66538982111148,-2.14700813176248,3.44570003333555,-1.73357707872136,-0.378282314714534,-0.300625823522116,0.363580516591556,-3.45898042251588,-1.60196450811468,0.478418964289788,-0.887036117790954,-2.33150205439564,-0.317258398636587,1.47140034488046
1.2519452820736,-1.75946429821542,-0.769001209714157,0.401552738424801,-0.0977872896652959,-0.045994923587481,1.37192913976628,0.18304835828292,2.42328705331398,0.459965967500621,-2.81072116123789,-0.953349487183342,-0.480548307043235,0.70948229168644,1.96028545372255
-1.01776899103957,-1.48066985970938,-1.09499948793422,-0.255143150241989,1.98898922276196,0.800854910377404,-0.0840369281101984,-0.344583940616945,1.69142740644,0.633940597661181,-0.364402206416635,1.22873702579877,-1.05715869643625,0.571542166740206,-0.24364947931988
-0.825510435024358,-2.23914295633155,-2.0809220322512,2.96181370583387,-0.739807674821091,-0.312419941402162,0.361179316116274,-0.140435802706678,-1.37117102821267,-2.69136005786943,0.933114317148518,-0.0118344951237056,-3.61434808197138,-0.297176024293332,-0.0171800445431637
-0.476517378160293,0.419869511142904,-1.24200821927609,0.319508347955804,0.137797690805333,-0.763661137101888,0.820720229779584,-0.8900735872266,-1.38734918569751,1.33285802899945,0.358377098463851,1.78690508604865,-0.460366121919791,-1.59700354413542,-0.0394582781775446
0.00268723025019629,1.76967415219765,2.57657052927966,-4.88907719667112,1.22353544344579,-0.579957596830444,1.40430441782871,-1.55314862704633,2.61276574186606,2.14259965364424,2.05139370878864,-1.70787336519787,4.40183755324391,0.700600474009704,1.37377170034345
-1.3053626509875,0.931528474094571,1.22617237142518,-0.504310761528082,0.183474430247491,-1.09123232851082,0.493240766199728,-0.480771034214366,0.636559722322438,0.786326658037809,0.145096096457713,-0.439594198442127,-0.698498861632607,-1.12517454292845,1.26524748547998
0.209200039791905,0.672848860942871,-0.495355120986916,-3.11415683233409,2.91585275354074,0.418574652689396,2.03161251782131,1.48558130316537,4.04148831418116,3.22040432513103,1.02299441392379,-2.01197004437208,2.12049512413044,2.4028677015019,0.511903628042889
-0.102479851634527,-0.681149040363319,-0.0860617308124875,2.38294686912216,-1.55652948471037,-2.94161589794033,0.694017931920923,-0.0693040099735432,-0.790179357228555,0.900759411107539,-1.07047781619492,-1.64053753213569,-1.5781543652037,-1.81487441574349,1.04273532203085
-1.02728605893361,1.22529444460356,-0.149282315062863,-1.24363109713271,-0.120994836235547,1.02801058762083,0.101658224920884,0.397464699967824,0.500033488863831,0.190390099894337,-1.09311524612252,-0.898715669635436,1.7817769902317,-0.129039848786041,0.147388953791701
-0.516099950406665,0.184042196580269,0.320403244899019,-2.16701309469342,1.97398739789886,-0.175642743105969,0.832090701559938,-0.714602935704953,1.28057743155481,1.98883590350564,2.71911079709645,1.78211155949726,1.3673765357591,2.43241927369904,-0.053283159374148
1.59001138847854,-0.935743107963261,1.41816909005128,-0.0772809884445948,-0.557889120082069,0.591084045563317,-1.17748127474519,0.248288767452664,-3.09835689989461,1.56164506945881,-0.474173913680454,0.323255829961536,0.0290844697226962,1.92741665809295,-0.352303153428459
0.620416862491946,0.850026791414135,2.25569547502358,-2.34490090208745,0.367416492228517,0.60856039730534,-0.492654080651795,1.70134038127099,-0.094520254629604,3.87811694284117,-2.4490811479484,-1.68610589833459,2.51676162656306,0.0608191154879158,-0.13313375815551
-0.457941230940245,-1.97931817013401,-1.01033935005669,1.61368217746107,0.662789073852765,0.60417816122766,-0.975459370376573,2.16224135069351,-2.58009014122721,1.35973418826221,1.29325861418564,0.35196240806364,-1.36033319942525,-0.545361681375146,-1.03991216460405
-0.977433977398773,0.98733412669033,1.1516362537416,-1.23484967066589,0.198848484491136,2.20336293237931,-1.36962009352886,2.34119179829676,-1.83836405984888,1.87959659007167,-2.08898447785916,-1.21629678729336,2.63981660838728,0.120742855106867,-1.17314113707289
-0.853623559603951,-0.940624440554662,0.354321117241052,-1.32273266606366,0.670950175260143,0.880994865634718,0.480120670007081,0.10881815824803,1.72645907190831,0.949257519537815,1.24394137192879,0.98606787196976,-0.638834488510339,-0.613564582718725,-0.182710723352974
-1.15366573652686,0.862537869502192,-0.157774318005593,-2.02587034645766,3.04726133924463,-2.21460817055411,3.93447586156232,-2.91161329064268,5.00476280587326,1.82660767793375,0.385917984338102,-0.383153778028228,2.4689612700903,0.356246429128671,1.29814624631448
-1.28171121865752,1.18689873408019,1.37138627526101,-1.28097195839437,1.92831671182657,0.697445276862669,-0.396274608356136,-0.206022043954309,0.747668745128337,2.08893280344897,-0.459620743358088,0.365804656368979,2.42507658916333,0.730872171701611,-0.285506998372849
-2.04482814714233,0.666359511569684,-0.692772470589529,-0.0848500637234952,1.08539263208067,0.399280841653121,3.00878630383191,0.297246349450854,3.10285530500964,2.1018230941833,3.44613031713321,-0.201373249535826,0.822565288209741,-0.576738055573102,-0.110623399287955
1.34672198840824,-2.20070115114065,0.108595513680023,1.56826042320771,-2.7180952069293,1.26949767921706,-3.69625002901345,1.31791648545183,-5.47662582707758,0.0747583967357349,0.0278200446808224,1.58573916157046,-2.78695816641957,1.82372676730076,-1.60974302215321
-0.330744428186682,-0.143692145773344,-0.725858425605458,-1.29879721286135,1.27222556247685,-0.0404442462366493,0.491718925058759,-0.0798701540169207,0.707264225648992,1.01849414066354,0.743452193018328,2.20584857517609,0.951628721549185,-0.76027149945493,-1.01502740253863
0.15080551362436,-0.117459134111414,0.16283861913015,2.15640650296565,1.7501553344948,0.748356498867522,2.71679713587797,-0.191390074862682,-1.09878634530894,-1.8352046711489,-0.334203379349522,2.83358910375351,-1.20968406001053,-0.552804742793586,1.75387064921731
0.446436093562378,-1.74480500689865,0.104881515171694,1.37671294885267,-0.678974185801442,-0.725342126910173,0.766472917251846,0.651356849480744,0.494951908493226,1.1723285374275,1.82684684466316,-1.81361993870314,-1.03664532794801,2.17596596261965,1.62726599230951
-0.615853398505684,-1.05451105902025,-0.501758807664964,-0.319042689726358,1.08305498883205,-0.423614948724287,0.568495195786137,-0.300425276241219,1.88751594065764,-0.898497122535173,-1.03581515345341,-0.0838950780440212,-2.12480200582552,4.04218624907902,-0.17303812546906
-1.08600392122022,-2.65416807707681,-2.3935087681293,3.57359188880566,-1.7554552566889,-0.143667019156624,-1.79819069118046,-0.666036001443406,-2.18991141707743,-5.22818688877267,-0.0194498640527684,-1.03666327436691,-4.80656352949779,1.76640112474227,-0.125894815406205
0.149821872422705,-0.962004247346633,0.561025561509175,0.776615352848826,-1.3577734581011,-0.633580643251335,1.04285612599413,-0.566324892745302,-0.0399678396601942,-1.22078348405106,-0.082626329476568,-2.26993192396176,-0.869421073775588,0.92329472926193,-0.987552555731229
-0.704095933049224,-2.45566947788412,-1.67877167417578,3.37567078640271,-1.69234174127267,1.97313032424799,-2.17160373615099,2.18861939088159,0.595570632527925,0.214830198054029,-2.01107697478951,-1.79501622780471,-2.46699170685724,-1.55910174443576,-2.83373671277788
0.916810721130855,-0.815261785542554,0.63047530953737,0.632746284673977,-0.947304685011835,-0.381037444605653,0.514566395968152,-0.117268752053272,0.336984038791232,-0.858019869996915,-0.401287791042155,-1.96705158150198,-1.28783666128557,0.733009734183013,0.860026268062495
-0.43817056399177,1.58778678577923,-0.273507172796853,-0.158558821375581,0.500219263431883,0.491186683318593,1.14335962187142,0.887147029231913,1.23000611575661,1.77131569354557,1.52432277999403,-0.383848582357337,2.19500045101856,-2.01615432745735,-0.764933692461559
-0.0977341744001858,-1.32030319796591,-2.93710886184023,2.16107017124805,1.28042058609267,-0.395008685265478,0.666631623063659,-0.893308047188132,0.670425867109737,-1.89683843304304,1.6386694385693,-0.149942760168945,-2.54488667017737,0.810641646973158,0.974125901127859
-0.860452249957601,0.679644847461256,-0.527195559364376,-0.334321650789669,1.84009357154981,-1.3973752812636,1.16280336327221,-1.27289653590348,2.07866638708202,0.146189012901885,0.723963802503985,-0.313576570172777,-0.0316047895326484,0.913950139448625,0.567855023676926
-0.772163783881099,0.328446778255842,-2.56312455813711,-0.489994946922306,0.239928105774231,1.32454119742193,-0.78551260059203,-0.0620170144698282,0.735590324085428,-1.42246512227106,1.49544108463324,0.733761781377309,-2.22431770631694,0.302031570824404,-0.453710590804873
1.36136513768025,0.266563414612492,0.982736523258793,-2.23142509099318,2.43993574009262,-1.2147447309246,3.03853812517614,-0.852767949265445,6.18453956531716,2.67429338007231,1.07901443519517,-0.726548969503618,2.01032025259916,-0.307619647196284,1.50048676913158
-1.58645343932535,-0.98396725551177,-1.11852147714105,1.84243559363806,-1.13903001441555,-2.42768975692393,1.94811251090242,-1.94511783878964,0.747634624079869,-2.36320030056612,1.51296965030102,0.195411809532208,-0.43880803946553,-2.04905681598061,1.93943305390787
-0.804708276149745,-1.99949078144895,-2.95039264652663,2.8802701554699,-1.48416260681581,-0.548225906509681,-1.78861235969826,0.559064802340412,-2.97660900043484,0.499286645510189,2.11644821754573,0.217522554740211,-0.556599676899698,-1.52130923261784,0.0170188515974108
0.915282705637962,0.93489663434434,0.517822225772022,-1.75666569652116,1.44765363064113,-2.30239294727075,3.57748833761937,-3.00852239219656,2.97172534690794,-1.66283337847626,0.209088922500349,4.44262864154698,-1.46701215444368,2.39110087767265,0.480037331437984
-0.181538217006879,-0.404749111425767,-0.368206879500795,-1.79501852850776,2.1197383639546,0.553807639248176,0.560261824557177,0.411901782602091,1.95967558735218,2.12207206391673,-0.875275046801175,0.874460018912518,0.467073433329958,0.921230208164258,-0.533127624898842
-0.498858303905375,-0.58817625446582,0.00903853274693146,-0.412222479407106,-0.532642973634469,-2.89826831381264,1.46492894100912,-2.75900843184147,0.0383171545415525,-1.6028017830583,-0.885978466822478,4.34946162492022,-2.08682346852597,3.32071173220704,0.451855067650073
1.73505421325263,1.22148654946129,2.97273114266988,-1.96121357095763,0.730967590231924,0.0523522030968912,0.900576831953253,-0.543589637634507,0.90959429561767,-0.185621217409444,1.38722797434526,0.358442983285056,1.01465748713546,-1.71608233285369,0.142723015078923
0.143188839895526,1.70157446562541,2.74305452593315,-2.68533185107667,1.3128991837372,-1.28314153204056,1.9005987472627,-1.70829501821839,3.29980877441977,-0.73702814833348,1.81142233476288,1.26609221287047,2.59708786374469,-0.382542397967898,0.804027419756209
-2.15203783406057,-0.946086819974152,-2.06629976117424,2.38964990484114,-1.06046409582037,1.50650466671545,-1.12721747956513,0.813541274411472,-0.0365595383910125,-0.931017451351887,2.05970161148374,-0.973109317788926,-1.89273272143869,1.54514449157194,-2.13720200053551
-0.439118769428574,0.191494858715721,0.718392243443557,-1.98121439995264,1.76108973680663,-1.89859571454151,3.85498517573205,-1.53769635236305,4.77767183072186,1.47848389456966,0.90659258069665,-0.252085511573124,0.720675304766094,0.291454004369924,0.954204424918815
-0.140085908065031,0.430283480951967,-0.936970084846897,1.82744948071086,-0.947389627097539,0.108981294502662,1.10258674461236,0.074824567276168,0.686664213783062,-1.74676868368894,0.253993086390447,-1.39545247054975,-1.71990653029123,-0.739131158712365,0.724624175565503
0.451793395865107,-1.66832772529853,-1.38794356258192,1.4202007624093,-0.137324696686598,0.690301706676823,-0.0885010541569198,-0.524404889062078,-0.637022700301075,-1.64578951307838,0.934470241964691,3.50205972951942,-3.4842965556067,1.60886149943508,1.63149361978808
-1.86020419418808,0.227186777454695,-0.518847530882397,-0.0977716756773991,-0.49841828340487,1.01565849494285,-0.985048215629119,0.920824898417056,-1.80500569308658,2.47957705682033,0.25149606118079,-0.0776240763878972,1.45444925458844,-0.59737551896971,-0.666626498969964
-0.310286167291894,-0.49528692374829,0.39786500284099,1.51121056235266,-0.89615575780628,-0.124833356982785,-2.37887450375013,-0.843690637095366,-4.11312290395187,-2.25703375747999,2.24932565374409,2.35407970875182,-2.12929824724867,0.601353599005426,-2.60462694654039
1.04216221074105,1.603217780531,0.721378753043059,0.477563192896366,-1.8431528192832,0.120951244028608,-2.57074173609884,-1.25054552554747,-1.03331273331224,-1.41277695495785,1.01190282186106,0.924904751373584,-1.65235356859764,1.61082639645328,1.10357887126439
1.44592792279745,1.15841383398851,0.749640105055762,-1.39715980478431,1.17186725998991,0.0814165439990422,1.30717799186621,-0.682825306284954,1.52955597800148,-0.251614819485514,0.288803114538871,-0.188506661578501,2.53311150351532,0.599427017924501,-0.52241815492187
-1.06967448765781,-0.367092246831909,-0.103461385164299,0.155196244082909,-0.726731274690733,0.340328367146422,-1.34558671451992,1.11441888787007,-0.917667740988536,0.917093972079314,1.39342489946659,-0.0537097277728137,1.54074466482761,-1.62757031468769,-0.827628480067257
-0.908448267284076,1.02084589934709,-0.021047341023051,-0.196555961076366,0.253422850328236,1.39440474028641,-1.01223608231942,0.837264561284923,0.720371309135495,0.803186328463593,-2.23092547957725,-0.931263408162344,1.58556172623736,-3.40598324546269,-1.09120582759438
1.00261820852677,0.342763742695363,2.09893966963287,-0.0546480372803579,-1.55145564163571,-2.34789044398135,0.232243908058838,-3.57757607082652,-0.527541525360337,-2.84089957533099,2.34574413576687,1.76034346283743,-1.14766640195236,0.792569659057382,2.84471160728869
-0.267937867508196,-0.510187766155599,-1.92625804552859,0.483086984022289,-0.606756569152274,0.540326636682933,0.109450486025246,-0.0312836382505473,0.731611648073659,0.709640056997591,0.85424890114235,-0.740616386338487,0.341685623342258,0.0383489546347683,0.416567856949824
0.304480173500243,-0.675574357216223,-0.296986880127562,-1.24530677181325,-0.654128034048677,-1.16560542727918,-0.344520095005267,-0.942892287351431,2.49534765738849,0.677722706944794,1.96321578106876,-3.5922010936001,-1.62835942946297,2.35991756132792,2.33466583927719
1.13930593942804,0.661985418087649,-0.507044164942793,2.59794373398101,0.114381025669678,-2.57556245235357,0.635184507299073,-1.43541257036474,-0.246470817447305,-1.76194300533584,-0.0121673718003033,1.53752958279741,0.84297195812219,-1.90211392837681,0.550799573794556
0.147196319461128,-1.13064272479924,-1.96756348528762,1.91131643382583,0.721192788043393,0.0477952714522346,1.28547454595896,-0.688667847687147,0.122812300711982,-1.65479231956781,1.21456784047289,1.24440854136172,-2.31806186141176,-0.504879808981108,-1.09263016063223
0.739499142101726,-0.130481612226574,-1.40586429776285,0.340681765530901,1.04775603556878,-0.030826367857036,0.554654935799426,-1.29808640938283,3.06639695215278,-0.200697583832608,0.843973957951288,0.6651094077315,1.33910826379191,-2.17525711103365,1.11095783548716
-0.498591505855052,0.900233519072459,-1.65378798340144,1.35890837366443,2.1314718033874,1.21530723656914,1.34275913740184,1.29501697357274,2.61515544304572,0.773249978151183,-0.941301093501148,-0.315225441409638,1.06531956715625,-2.16281802268236,-1.89440110456557
-0.0473750016495335,0.206862940434112,0.937921125535087,-2.87825127494452,3.27153105028729,0.0687617395358437,0.605652551392391,-0.258143749385554,4.06808678967828,2.68142025505587,1.44225531750404,1.69829974585746,1.55685520763098,-2.0615349366089,0.971235587799818
-1.53420581854646,1.85564431948,1.16105452350096,-1.07332652075456,0.114291616820954,-2.29977613966276,2.35951973002135,-1.28206491356038,0.865173112290554,-0.459711006489143,2.19570819261713,2.23086005536462,2.17334703619048,1.60744750729146,1.82447427945992
-0.0313268161733244,0.697616074327461,-0.86068150985735,0.0648190961045858,-0.489124942036985,-0.683876644113793,2.2370315439195,-0.74248792937252,1.57033768617927,-1.67995486895834,1.42708883108968,0.0206555683247586,-0.869778893735006,0.255374103351406,-1.3777801736092
-0.0270326142137399,-1.09033511514887,0.781118456851689,1.81620185425551,-2.76877655615471,-0.699234616216275,-0.516468906301785,-0.474200375518793,-3.03846574515124,-2.13869846137664,0.494793306475634,-0.648882727587638,-2.43503337305476,0.593450857028066,-1.53602574112036
-0.474272050463472,1.7377525955104,0.414542123938921,-0.594730309884107,0.954105084598209,-0.897598770340309,1.53823987766832,-2.8352057898532,1.23472364545587,-0.867022990618413,2.294822828309,1.97499539204717,0.855162500576227,0.288537792716358,0.52160727595436
-0.521783341016595,0.221776556507154,-0.698419782470622,2.48584856939657,-1.37124386485415,-2.07562235912317,2.42509201726239,-3.26728217858015,-0.197371147617544,-2.72032397115432,3.36776823273102,1.95484629729226,-0.580563046525923,-0.0110210854558437,2.22062074574462
-0.009454711438627,0.409924517645711,-0.383929208000816,0.0200307854131117,-0.246751298932455,0.773839233548388,0.235268704870343,1.36500708208607,2.49935360764977,0.92002220453418,-1.50853176748096,-2.75145506340032,0.791492756185028,-0.176103020446626,-0.54797358866872
1.80841925092857,0.298161570390463,1.38198041378885,-3.7395975430677,3.06373386676525,-1.31295821070129,3.38012133520747,-1.09729701352901,6.6937981618629,0.254085011795539,0.577056625128148,-2.01624142571913,-0.107091407564507,1.58905177584614,2.66182010883026
-0.44130194224107,0.422307098359907,-1.87463818641832,2.97418085116967,-1.066340344296,-0.797349952630498,-1.09806673872412,0.886839218091728,-1.64539801243414,-1.60090600095953,-0.836040947147094,-1.2932295529734,0.643172565993239,-2.31935022925289,0.496694173295373
-0.102720953614193,-0.513596781472234,-0.172753571208845,-1.07127993289027,0.264855339303766,1.21865781517627,-1.66059294651895,0.386576157645171,-0.64905622553962,0.770746071678285,0.291424064947806,1.72827168207858,0.619338766697722,1.75628182271454,0.224738381499877
0.726829965064482,-0.41765145781731,1.31336373938245,-1.05861707932518,-0.257718651365311,0.368404069679049,-0.762873943890367,-0.41502319702597,-0.113197515493444,0.924552882872611,0.0970385088227348,0.9747721111977,-0.426715973024512,1.98169237083597,-1.26517744529347
-1.55559548835574,-0.641495065110989,-0.47081925582737,1.36182355226653,-0.66935362349982,0.615455444543285,-2.12633205470936,0.20682481491807,-4.40461841123958,-0.966666725333198,-1.35068487062114,2.80161828989775,1.46153980123356,-1.34843528917663,-0.357741156084772
1.02828056613683,-0.175577856025902,-1.27485029383405,1.34738746736413,0.921913302844892,-1.60916795210342,-0.00592036107683487,-0.503847021201879,-1.96803734622124,-0.759014153570669,1.12586241198489,3.70688528079826,-1.56090649089481,-1.40024918000138,1.66948001302561
0.0246879315734342,-0.00180662673558823,0.0326316783958043,-0.465659868718822,0.516329250722556,-0.646772365596152,2.46858095894576,-1.653450566569,2.57393575116153,-0.480897231954264,0.227395957163349,1.82899820221725,-1.46234663393326,1.20381240540707,1.11482256275839
-0.780988623380966,-1.31446164121278,-3.36197063689803,1.02035855432921,0.686015710083623,2.39480581570323,-3.48189986994682,2.86857400619811,-0.789545151326047,1.61681929514827,-2.69691392517247,0.963829719805505,0.95857145325565,-3.05363022134999,-1.58939384751074
1.2467003832428,-0.374495523837702,-0.588265727126745,-0.0281320793247963,0.989023659915819,-1.60482421431856,3.368184243769,-1.97111166079711,2.54739960383763,-2.97149838415354,-0.118584683871411,0.487760159836956,-0.359213597162285,-0.351580105643371,1.95521957381314
-0.443364837319763,0.761375465348261,-0.584397942560236,-1.39997601089484,0.757662355325759,-0.514350006307803,0.431940149827548,0.211383140486726,1.83759058558494,0.630515116010115,-3.12228099185367,0.385474289944919,1.94135842215388,-1.41560707090115,0.261878815945336
0.627613910796976,1.94741181903508,0.862176004255473,-1.15926205315503,0.138850513184957,-1.06488662584255,0.669094848584622,-1.2472160335081,-0.0957241232682808,-1.1022298733513,0.220433159472744,1.5426151336634,0.504269820914694,1.54539406499915,2.37608998093998
0.016886790270675,0.196614075656151,-2.89260712345536,1.72224151213277,0.684588298145131,-0.0154457006392407,0.870097097673294,-0.167541453759026,0.615990423156116,-0.60010561330339,1.46028303936355,-0.719869257326317,0.632117692140358,-0.415303106992784,-1.68212882612203
1.2930356916706,0.177328694905283,2.02930312134935,-1.68569088584796,0.375398394317717,-1.05871723389113,0.816366616209907,-0.433208640733712,-0.789631404184709,0.0401459593171825,-0.75285682689021,4.41115118865972,-0.0488366657565351,2.3732435015738,0.763193996560096
-0.179291579410596,1.29446032863292,-0.35130636292339,-0.667592798780152,1.60240781908196,-1.05392967513957,2.38029194095719,-1.33227982594718,2.72810412420258,0.734351865688214,-1.45204669682689,2.21134623710591,2.15178459764741,-2.11324254357159,0.848861628751657
1.26059852906306,-0.836155784645295,-1.13988717174001,1.22000155598357,-0.921880343544121,0.0820797003733778,0.849307095739884,0.640156645683306,0.91928154972092,0.601700818780105,-0.29866035242746,-2.29686181854987,0.409952874169457,0.266052969055847,-0.796837889997183
0.707217790695171,-2.83946923123436,0.192395598707861,0.559224002325258,0.334974391662249,2.10442111218045,0.00207659414478565,2.1083187202153,-0.350330935599421,0.785734777033838,-0.801573698253228,-1.27365749228522,0.310328620992431,0.539119522019844,-1.011479298834
-0.633744276548021,0.507635287297794,0.0409488618825533,0.343826251782467,-0.951185703053654,0.985138320250385,-2.79441262626763,0.97032463438678,-2.0377867273331,2.61633709198931,2.07815769525837,-0.591308493057941,2.39847535149314,-0.944041454815889,-0.881653828819658
1.18531115057049,-0.390188238393916,-0.495406889478909,0.0926443783527994,1.42662216299818,1.10263409154042,0.316969660466468,1.0143716180983,-0.638036355251076,1.33097506735362,0.169825323365726,0.290069490212987,1.83093946902685,-3.08737703793292,-0.350219763515816
-0.436482123629374,0.567314511993431,-0.588552728178926,-1.7093949796603,2.8147506419267,0.798263911900206,-0.0750728201310356,0.650144326127449,0.445698346117511,0.689197277290484,-0.901289682366518,1.82947225610561,0.883008322532919,1.91275858376737,1.12055203985097
-1.0051025997681,-0.125771798545397,-1.44850981375859,0.517928778202776,2.076834853892,3.73669130339017,-1.8163916988097,3.19229408261468,-0.552895083610412,1.94170019728494,1.01054286898805,-1.21328339259829,0.740005789524087,-1.38895068682933,-1.80982509757961
-0.23737703100757,-0.558194221616109,-0.00633280040047411,2.14115819577355,-0.747094836545544,1.02158159461722,0.713145316639106,-2.18110636372889,-0.596687830444513,-3.83537163650283,0.353158070497001,0.519210925658401,-1.43985526470339,-1.51620645115824,-1.62475763223545
1.05832187606628,-1.32915270708145,1.54493808991153,-0.159726358993026,-2.25554313661357,0.157093379207408,-1.58755272360347,-0.0219811364225863,-0.900925220814256,-0.707186168771758,1.09403839692111,-1.53915812032505,-1.44348403915706,1.20315585754576,0.383404377244437
0.290177996794882,2.31460759113785,0.0103062458731097,-1.8747763536686,1.94050079732647,-0.702472240202183,1.68722981309627,0.13167312938627,4.74020835808611,2.46547659214331,1.60674043515436,-1.45663996413186,5.25132172751025,-2.74610527878708,-1.42754477418438
0.0312244761740211,0.469366660454514,0.508629429527091,-0.950078664318818,0.561133270194063,1.26944209495226,-0.956037329157111,1.39014803054123,-1.63029076898952,1.65764103559906,1.27378052946086,1.01332245052426,1.38080439039768,-1.43879416434503,0.104483604160043
0.0879978790005462,1.02401656766309,2.78125229479682,-3.0732495081652,-0.208925568975249,-1.13549591855978,1.37341030975382,0.0234756732582001,0.615843541277512,1.71105656929854,0.549622132096013,-0.08489182962737,2.58837447692761,-0.868306526245308,2.35952072845452
-0.690697236319402,1.5836859755681,-0.163024988857546,-1.82101894023676,0.700911566199429,0.241150526278442,0.406888860031564,0.481196394808646,2.09565241377569,0.870005750738915,-0.606655395920359,-2.13199306342902,2.08259240777122,-0.0365734540713769,1.06577677445909
-0.868238304765342,0.96433477186469,-0.927616773753483,-0.564861715672468,0.981008712342184,0.792938117811504,2.57633751770451,1.18493633230049,3.9322966192432,0.278726796240538,-0.257353940895985,-2.48538043773847,0.54441612928513,-0.957625317607983,0.321239486657808
1.546880266501,3.14685976367147,3.48011853642881,-5.72038262106897,1.72846338717814,1.86109064317912,1.06889338384873,1.96527915226138,3.40727383250769,4.2548729163401,-1.80286950763094,-3.42194230340456,6.37814969594917,-0.46290530522819,-0.346098060201269
0.720990249034063,-0.358317453149666,1.09377983871934,0.444324034084871,-0.645864456940463,-0.31004997764955,-0.254176941199801,-0.578158151038681,-0.628401465573988,-1.51439239012725,1.95977100224938,2.35245262526932,0.754210721644789,-4.61664571524561,0.361597666578533
0.586494821942716,3.52132837136658,1.85656824787916,-2.87497364573065,0.801781542201198,0.345129290991335,-0.185050649755982,0.673935611794051,-0.128232365949153,0.444584939315711,-1.4126999573379,2.15924768562209,2.88941812207997,-2.25041848380359,-0.876332325261908
0.560777003803801,-0.449871753994025,-0.527904971401216,-0.294721091802552,0.921126037800899,0.208033424927995,2.15549569631373,-0.373403437462424,1.37747333284972,0.574756079801091,1.02123030403906,-2.64053576972034,0.690295183745582,0.456832571974036,-0.351657477944976
1.04993716792221,-0.541182088059097,-0.340655231774343,1.26334479249647,-0.240206541284282,-1.32302341553079,0.580737626596435,0.254069762032049,-2.30987228391541,-0.516706832429425,-1.07147595044015,1.252290859391,-1.25906112589949,0.0431192666792918,-0.118359020196559
-0.64621998901846,-0.475555427545509,-0.842469164964884,-0.155348670346044,0.331779625544718,0.493859888761049,0.525596134517305,-0.383929014436644,3.07351520826128,1.50946866581246,1.14868707974859,-1.9942195048785,0.297018836256777,-1.24941858570904,-0.39997648376426
-1.89575998871952,0.807157112409575,-1.545349052189,-2.36952022109097,1.95708704729896,-1.22941324449666,0.71361629874662,-1.21561397241138,2.28313926213723,1.14880540134082,2.55770669199107,0.530927129462935,0.868954228074814,-0.656425158081777,2.07710848511061
-0.556621661386087,0.0123003951108673,0.150554895766013,1.55792991916037,0.0233787276043118,0.463875303746005,0.308422124593974,0.104928915600983,0.580225487133389,-0.0615613169072717,-1.44302020920093,-1.29710569006323,1.05200981282066,-2.7172255861296,0.0285011327556539
0.0180032417027623,0.463127907203703,-1.25329182990372,0.390999296264492,1.66003259977257,0.836086617747168,0.302755616480321,0.468721610588,-0.480825115986423,-0.607652875501164,-0.602646086484717,-0.173183705511322,0.696473473740274,-0.813369612735568,0.261218113327248
-0.846227929914591,-0.647427912493772,0.883356982249777,-2.00604691308538,-0.847081235369845,0.331877809919028,-0.270367944640454,1.21562907770249,3.05769647193563,-1.0933053305702,-2.21342672867878,-4.77539235853694,-2.2589578262267,3.89273219480554,-0.74569718109797
0.0840575735948604,-0.198707283008135,0.0734193322886066,2.67473087246163,-1.76287442800969,-1.94874231211537,-0.0324517066725827,-0.532839270253758,-2.41844150189417,-1.43554773996467,0.448010527096062,1.54394917662323,-1.4030148327496,-0.625304781549874,1.80215884869961
-0.191255283598794,-1.36592190984828,-3.52805253705789,1.36542902536108,0.889103224994297,-2.16261922007344,1.62603110802278,-1.16259818467716,2.26938430281851,0.165456725646955,1.16174531971466,2.05647065232038,-1.52396497267998,1.4091295699278,1.74666344471752
1.28033467360575,0.633131553855809,1.70393131201059,-1.45369284315289,-1.432652094996,-0.783845591690263,0.526316278483291,-1.01437124833587,-1.32766441992075,0.336122690202661,-2.15270257181305,1.53951004823859,1.74370084548523,1.01639184989234,-0.00487396367360103
0.946059082903417,-0.601743475126711,-0.302376044060497,0.305379019501974,0.210592001921449,-2.85093095812889,1.5821548212898,-0.811372588567524,-0.197465029112097,-1.57122474649517,-0.289051377947456,1.49434253995572,-0.306455231423142,1.26685587098005,0.116742099421245
0.848082329508425,0.288208050384236,1.46006341599931,-2.01413736305342,0.257916864456781,-1.4199574024099,0.126157772255106,-1.59343504024394,0.0625800495564442,1.22500650307951,1.09215303104065,2.41697741480396,0.945731772605846,1.42944054683512,2.07520529411892
-2.43598052332809,1.83866722026577,-0.31577557947532,1.32767455494468,-2.29594661875767,1.64585839163544,-0.56706130001667,0.245145712829503,-1.67238373377544,0.450389970941733,-0.2688469716086,-0.744029166071097,0.650434997393827,-3.32102500739195,-0.777132668933552
0.386565279049494,-0.506526162551711,0.809917412451801,0.0797286214648943,-1.92461387105302,0.614361311524634,-2.7413671004049,2.13906007696778,-5.11648277884931,1.18065014867432,-1.07918120430949,0.596199203065221,-0.605301633148128,1.14224859420188,0.957067406776799
0.769257110452038,0.132726700260036,0.0806411570121367,-0.552728222359071,-2.23101421838726,-0.146647906164368,-0.531280289804149,-0.498775291724118,1.19041627931585,-0.374211018643035,2.26064059578537,-2.58498767630916,1.57178122538667,1.66434167926268,0.661658553046448
0.373324362418729,-0.124619737626529,-1.88973487428759,1.02614291503821,-0.377434838457431,1.33318194906746,-0.442265839399313,0.813925576963199,-1.80733866628479,0.0651547799361601,-1.38736045962371,-3.2621763849254,0.152805895924123,-2.39963305746212,-0.885170637561045
0.284997280915093,-0.0806520765934638,0.0798125427802406,-3.21600248942969,3.00686576311412,1.67138016397907,-0.617643159923974,1.73120294730905,3.00162796491728,2.42439955519043,-1.19405743707823,0.230300858923701,2.15764371065954,2.01040685935568,-0.19096620035043
0.237722704312939,-0.407046989690786,-2.35672380878225,4.35255014745663,-3.97515395643112,0.740446477689988,-4.51187374042696,1.37010980962019,-6.46554552557978,-1.51546991298668,0.424756108075783,-0.51553251642995,-2.15448835491047,-2.5941275272413,-1.61893256126754
-1.8116703829865,-0.119341083653415,-3.27210446473168,0.295703794705367,3.01748582018367,-1.50338145302839,4.39367503606505,0.179205838587542,5.85098701727269,-0.733820775240852,-0.91297721255677,-0.784202803536004,-1.12703329846908,0.686608353486459,1.8226436216415
1.25506874441121,-0.421598526837955,2.92262456648502,-2.5789778878,0.610895538114163,0.26957550059,1.28514476751901,-0.937953980501855,-0.0497681883845779,1.26219954455707,2.37816166035159,1.59057322150807,1.20982917772446,0.228175750172975,-0.20559861957821
0.139254656065823,0.378329163163441,0.272771553776979,2.14881844046095,-3.20676028191528,2.23569856728124,-4.19820420949544,0.770334803292217,-7.17800122669844,-1.70732198998652,-1.96221874628266,0.0704824212568533,-1.5626545619153,1.70210545252746,-1.11278996570846
-0.872035040582591,0.504132423807131,-0.953292696201069,-0.41075484451588,-0.744494535754791,-2.05516449095075,0.124677383406921,-2.38536764998004,1.04610316971224,-1.19102726916605,-0.444587946717165,-1.15161630772008,0.677577988490563,-1.08573934775041,2.23436256509513
-0.807368413842325,0.259380272615095,-0.831632673705789,-0.277408633844506,0.254613381009228,1.3154160941534,-0.263068053573251,-0.0959692881933271,2.32005529625711,0.340461392818323,0.887934946508595,-1.5213677207568,-0.190549243677214,-1.38558039621141,-1.27043462354188
0.125514151973062,0.189732845978174,-0.468739481805033,0.216283907676316,-0.494363896110477,1.21809314535748,-0.939304229552672,2.53783763959344,-1.31209229730555,1.95357425451589,-2.04681469526791,-4.43847062704402,0.839156365049467,0.11226694146567,0.0746735167076105
-0.64924738973072,0.241092425967034,-0.419997301210385,-0.471543093328138,2.31111598066235,0.00313226450439644,1.32485794482877,-1.20287046547756,1.96923266148094,-0.347788511091364,0.906675989859577,0.0686779179231584,-1.29848846125583,0.764073662586168,1.09734440545206
0.567314262102402,-2.85811782880317,-2.32565774004167,3.40943734868847,-1.2668655618126,-0.976099275794118,0.906519238690191,1.28563060149719,-1.63039387755684,-0.815432199800203,-0.103785729515386,-1.19026086220507,-1.518709882775,0.774228903181008,-0.647765379672543
-0.117700135838431,-0.0131136030658228,-0.799679033197314,-1.09066291192193,1.28741681671917,-0.688139517877695,2.13869495234327,1.25958500502583,3.33436992431536,1.949279304201,-2.02585754398848,-1.94449297517181,0.958746761795415,0.125139517531885,1.22953139928237
-0.444248811648493,1.42650672723065,1.01693652282324,-0.548374160594656,0.691347339015625,-2.72225691867244,0.630440155236813,-4.69602096215612,-0.070958925779859,-2.32098059335014,2.02861137726659,3.32942622607702,-0.0579171404042829,1.3420247149705,1.75520894993574
0.561551723802535,-1.51692485652075,0.444400042992481,1.41605383055056,-2.78796835491102,0.845157943774109,-2.91404115989601,0.292421055618526,-4.35365320130875,-1.18643515728751,-1.44986359521076,2.06597412251853,-1.31101180691425,0.194594973806346,-1.21117437297523
1.06594490998245,0.483161077162542,-0.0320030738181814,-2.00239519124089,1.82556000204326,0.958112597331078,0.0667132877282512,-0.776872796830076,2.17504784945084,-1.68101899114695,1.42156177438719,0.327296622092083,-0.991766522881767,0.219090562205989,-1.10098927858665
0.0331576879335329,-0.633744089474455,-2.225607597496,0.23347119668737,2.5764761457577,1.0738922530018,0.878372960886696,1.27305493707115,0.215018745644446,-0.388606385785425,-0.886232291220993,0.196870147432445,-0.0335238553332542,0.0276357300533038,-0.665833099073229
0.292374717861238,-0.711797590193328,1.09166272201549,1.10925674071241,-1.72606226547945,0.885255794025251,-0.719581774081391,-0.0427455132943043,-1.72672639572478,-0.461401628301612,0.992445323510911,0.308305832194928,-0.207267087385534,-0.353624205386973,-1.09167274754416
0.603062774530358,-2.44193070029321,-2.02635958430259,3.08531162039274,-2.14561119649993,-1.18341567989722,-0.154441919998411,-0.434718690650307,-0.208263740411262,-1.72796051771936,2.54254036754368,-1.17961885983478,-1.24918750865051,1.41114022780791,1.44651573032062
0.0750510623216738,-0.00499285924275951,1.06377688315321,-0.244617491144689,-0.487018890050725,1.18789589279961,-0.656364953113795,1.93805525573308,-2.00525761910882,0.838640487394022,-0.30146313860025,1.18868813171751,-0.317002735953645,-0.313380476574985,-1.04518938162588
-0.989358378220016,1.42167017026409,-0.573684856877335,2.36742794348861,-2.21072612079511,-0.0461048090384427,-1.62534636911149,-0.436554187552157,-4.14895190777546,-1.60255901409153,0.053742292305299,1.38821412341021,0.472829362360633,-3.79699043711076,-0.0454413689971846
0.541057494066126,2.10914037969103,1.35085567092552,-2.82323279373334,2.92728066752016,1.1595503056657,-1.14074460289108,0.620949140819454,1.02241328092637,3.56392591544605,-0.859755639226092,0.414010634843037,4.55172000355767,-1.2300386200124,-1.22551409429571
1.53888696900001,-0.68864376503591,0.367083047741426,0.50151279847495,-1.46800381272488,0.95823733113153,-1.22825773873433,1.49534572650056,0.847286961259851,0.346163715320799,-0.708136635465887,-5.38649692685756,0.567347281657398,-0.495218755413587,-1.3532865902449
-0.0755045531574886,0.859509600289065,1.30169746350743,-1.39875571761404,0.380264579813471,2.30884996002861,-1.65942276627575,1.06432944678648,-1.96738508955243,1.17598886698886,-2.46580130097876,0.510947989416976,4.92652342197094,-2.83742091915511,-1.39864997528037
-1.30343512440425,1.0110025518818,0.561589108773542,-0.0830295968189272,-0.0883254044577918,1.81077668133735,0.187675706916144,1.86775502016037,-1.7680233478977,-0.200251738352086,-1.07394595724618,0.851221251283233,0.577731378964257,-1.40944671208677,-1.42201030985193
1.16513928757052,-0.173522915205441,1.82735171071621,-1.99616806844706,-0.244649180606584,-0.694220215662196,1.32377799129684,-0.569539821966116,0.60858415335759,1.70210028892882,1.86816220821973,-0.156246473049207,-0.271903085751394,2.26154058345262,-0.0530660354491176
1.77895089839337,-1.47401880513475,-0.0107416717094439,1.69224681877749,-0.84345826609383,1.43908859337754,-2.07778881494564,0.0855294314675286,-1.48899940042308,-1.72152014646424,-1.536519164518,1.61211073105187,-1.40952169324632,-1.44177455987293,0.233922990983567
0.0925486708106033,0.139323018337271,0.272080838929425,0.737345164074729,-0.772542001722627,1.48435993146258,0.151523499144602,0.64229799995143,0.813494361421277,-0.748942787071817,-0.802657088810454,-1.25533787060156,-0.167155282401099,0.887532049527806,-0.521450635904621
-0.213993412828214,0.792039798869719,0.06184915180611,0.955051499937071,-3.04391363411008,1.41318875191723,-1.81847425706607,1.9885906637214,-2.70325905493835,0.590386175769555,-2.49669509950686,-3.04190649213073,2.44960968855984,-4.39922346886175,0.149332008581793
-0.0318023085946517,-0.0204188964208667,-1.45357534370549,1.44664979514871,1.29170163782072,0.393934806426323,0.165658577827993,1.05890148493814,-3.0122356540028,0.0319863429672198,-1.75891215244133,2.88414510136551,0.887232807708645,-1.07772300514195,-0.701747565193431
-0.507914736204456,0.59511103747741,0.304079658942035,-1.05700310732333,-0.164112856129205,-0.569528166697908,0.563498132035261,-0.527165521777996,0.701505671244495,0.14024064358884,0.475751883231981,2.31737289561609,-0.107456651700116,0.863213936885769,1.52630020625489
0.100913906254351,-1.59281172566391,-0.330381651055463,1.89645818317731,-0.331239656730772,-3.48628681169223,2.61082659303362,-2.6537610096837,-0.88251979080435,-1.60211491359871,2.65141666228214,2.71476293597044,-2.87753928365075,0.718404208055126,0.63443119814192
-0.644198144400766,-0.784936981295064,-1.06754640324898,2.19318151221274,0.328931890750694,-0.0964862933874758,1.30684850242604,-1.29459315532785,-1.40407448224173,-2.18321497297832,2.26904858209949,2.51396784657273,-2.2189078961224,-1.41056855784605,1.50979724544881
-1.00577413697486,-0.348410034580553,0.657363583282346,1.70947849095955,-1.13694120394457,1.90607406716562,-1.36983412197589,2.69208004864478,-3.08237810429236,-0.287983631986543,-3.11299569355414,-1.31641000826952,-0.0465539916466005,-0.0821025451882963,-1.45459323224873
-1.03034506704375,0.982856687672966,0.0840678771193763,-1.10214853337663,0.184015100494664,-1.64329063776426,0.438623989644617,-1.53549711975682,-0.559083368750895,1.15698776103992,-1.22336657155787,0.475586808129875,-0.0805517496810075,0.872707369476054,-0.274035250935713
0.372691796957096,0.220275101870336,-0.53911835658265,0.607686734867786,-0.441580568039859,-0.238482009506695,0.82867023859059,-0.86844136154274,-0.5427591835915,0.0611287516819532,0.796509715674025,0.837215401670141,0.807484313818247,-0.738303327846124,1.88938375667627
0.416072183812937,1.69171248831328,0.505712049109996,-3.27215950207196,3.31718680216419,0.329614326318287,1.52119976395316,0.074831278897438,2.81510149556834,1.63692281032873,1.38772307829269,-1.36482866202909,3.36948560857379,-2.62214652473937,0.133469612420893
0.432759967561334,-0.739408715447747,-0.538332707619998,-2.78120589298015,1.37972340675588,-0.112390951414592,-0.71425493380881,0.896299428730093,4.09700846292573,1.00980565156228,1.26321071898267,-2.96527588243086,0.52323809490392,4.84140132680041,-0.663505886894023
0.00331423834690258,0.87071033665353,2.57333452291335,-2.02068775809775,2.5186969333183,0.468434443779224,2.27720543281656,-0.67166509940394,2.34390579116557,1.70584108815041,1.50663272420919,1.87130654952455,2.44544961793319,0.0255476651993768,0.397725111050301
0.660458702080928,0.477634762248815,1.16259145990683,-0.0872077991597299,0.764624621178464,0.820233368403292,0.999111666495143,0.334410605955905,-0.478766589219003,0.657933974360808,1.10404126835654,1.26621300881031,0.830347746041205,1.155180183096,0.302307053182008
-0.65201189315277,0.857020527280928,1.71280039975551,0.765311092009069,-1.89215730599849,-0.449348408472207,-1.69280435137779,0.563787208993178,-4.71387869118616,1.49744626720371,0.584201149553341,1.88612785474392,0.804420416253532,-0.95938802258214,-0.661794218032347
0.614261857150787,-0.642269208295258,0.337580518584677,0.977257770994205,-1.38989491789629,1.36731643930426,-2.71843693515723,1.28816260804058,-4.75702863290029,1.39061837322065,-2.55927255364634,0.0691351818132247,-1.56488080884781,0.151738149802971,-1.31960888163445
0.608788346872816,-2.02420099784016,-0.342563247984259,1.98652690176793,-1.07182246515042,-0.111992781290762,-0.414888431865622,-0.38866889708745,-2.12544609671765,-1.32268458537542,-0.587950635642302,0.8537163146086,-1.92214404312816,1.39302313012492,0.960977376447672
-1.86586511547989,-1.63825783545942,-2.49265869533716,2.05661597459791,0.116853768321511,1.82193409244378,-1.54404773353771,0.857531271932121,-2.83422001271797,-1.60892980801805,-2.12825943008948,2.14358244379292,-3.0382538956972,1.24176354774402,-1.44389440778866
-0.674885278688326,-2.78717815464832,-3.05400022206316,3.73445896180051,-1.18372310034285,0.661104721753241,-1.74497377431092,0.446643314111827,-2.16308495364028,-1.7111620897217,0.247156144454838,2.1163444982423,-4.30839825407916,0.440861898969389,1.12975093977076
-0.789990002095206,-1.38591728034713,-0.727461536918978,-0.789838680718543,1.20148263355417,-0.204490698935654,0.51746548148594,1.23853138675823,0.99968955218893,0.710540548926069,-0.936300812607377,0.0769541584901364,-0.596585194408864,2.82774037740256,-1.53758612411713
-1.79088194602375,0.902471412214875,1.0189916762081,-0.217389861660042,0.00892743856008506,1.87485053418912,-1.99676740644258,3.03416643882153,-2.22281484499429,2.58319974495854,-3.24297386756601,-0.463869427935086,3.61383506704423,-3.43200098374903,-1.72968515761561
-0.00149375769062877,0.00503965443468864,0.486908891295886,0.374325514134542,-0.130575451142566,1.57187243171862,-2.12499050639228,1.09501302993766,-2.86170913443361,2.03027799641516,-1.55734362188567,2.17745034078756,1.97704343303498,-0.409431651608015,-1.08606678547346
0.79781349518862,-0.649962614849754,0.579873360074627,-1.24650748897105,1.74172185217101,-1.50857883858185,3.9997606298447,-1.07450221964284,4.66588206125622,-0.7804181137484,0.678967962862933,1.82044143348047,-2.24809233080258,3.39013336453321,1.07449312150435
1.18618809328855,-2.41022399736482,-2.74588176797186,2.78696272090253,-0.116127746009693,1.44356054740636,-1.25493995446539,1.21288083260305,-2.23269572664338,-0.914272297120388,-2.31210214716377,-0.151286359074812,-3.69569628326024,3.55063205035226,-0.981992955870782
0.304249107881627,1.14732564663005,0.926764339502567,1.31976112544968,-2.70347381666085,1.12005555640601,-2.15896159881305,1.3854779307662,-2.2225637974016,0.259262917788793,-0.391602899298803,-1.41384257745264,1.01365975028166,-2.76856763833693,-0.772451400195803
-0.79266672224237,-0.389679691499131,-1.59239025480766,-0.366297343161305,1.08200061109575,0.937778929534968,-2.586556964688,0.366858516973002,-1.78376913074226,1.78047586467445,0.057874111039932,2.1161294509813,0.631590754415628,0.0683287883309546,0.0502464639143692
-1.13690102692077,-0.828634447247579,-2.65723957040832,0.942112879123693,0.409376611677298,1.8835568491109,-1.61879302767989,0.0749585144158826,1.7185022775207,-2.03627211334428,0.856403732016446,-2.71302582774152,-2.9585060908259,-0.421674239920771,-1.11923921479369
-1.27274494217424,1.15467257502858,1.17050672908153,-0.700461455612128,-1.29497749259059,1.16935409065035,0.264842186657922,-0.752848607186565,-0.624170659111082,0.432666028501041,0.0335392376141865,2.25865912359945,0.411344114949665,0.0809955985151481,-1.53821359175111
0.633730352278597,-1.51684373561705,-0.661329418014111,2.00392489667936,-1.47457498947903,2.22436945569552,-1.26564398105271,2.25286193707136,-2.57396188514745,-1.93109047760028,-2.83896052755081,-1.64148451394518,-2.82110018249841,1.55111472847517,-0.93695738150132
-0.351978034513911,-0.895720304745106,0.137000704843009,-1.68167916074451,-0.0894385961101149,-0.556385447062709,0.485896990195368,-0.847511608445987,1.77200419657786,-0.390188160277694,-0.313745325194341,-1.32095075208082,-1.33409746670767,3.14345333769136,-1.349662595329
1.0206796485253,0.513570917553181,0.417337215991285,1.68896162773408,-1.84515104928755,1.45204073511603,-2.32249267408073,1.18372032629786,-3.8537713552982,0.0329273623469878,-1.196386304484,-0.285815109673375,0.594155507685224,-2.72473765568594,-0.605495031690425
0.329437615544876,-0.791551315229733,0.83828991114161,0.109092696754833,-0.387040827452306,0.398780027630586,0.160635406749573,-1.78406965715937,-0.371953250104166,-1.83792102029468,1.4891038829074,4.51348227004059,0.0770509248556876,-0.759213098368421,-0.00325850395384904
0.487043638685823,0.6496485078758,-0.993010397800691,0.44721393396189,-1.06355163177599,1.09301968059278,-2.02706995770849,1.81551036550247,-2.16026363971856,1.14950895928319,-3.3698876696651,-1.16023849751772,0.416335278182878,-0.302032271952215,-1.74049142117957
1.02056470436538,1.48269248522933,2.54806880294194,-1.46258606760633,0.89678269951573,1.08397363429063,0.296247598624646,-1.46961982603076,-0.968179867753893,0.634379862129198,0.911684683473838,2.28673196387433,1.38569026949713,-1.2249408812782,-1.06877760335721
-0.422912346596413,-0.0949179011872812,0.965748999856212,-1.75191761884609,1.58826721992321,-0.485227877440233,-0.102416662792684,-0.321325530574192,1.62945481386666,1.30010777635759,0.381833645611762,2.32940719037639,-0.394799693386021,1.71362568289405,0.0297566596857936
-1.10329373400749,2.60446185412013,0.34959284009702,-4.71378274668115,4.53721330271577,0.630253785291905,2.58790142212585,0.0423584491342899,6.5789696155149,3.97465631444682,0.155166539483093,0.133683294992113,2.11980814409947,1.85762609064139,-0.193749537611592
-0.869650348311282,-1.10714745312556,-0.519592260262356,0.0693055306210105,1.35572293112771,-0.678275576680602,2.44893270418049,0.592678637081239,2.27650038328083,-0.168862598697718,-1.66123348050885,-1.03301039392472,-1.45292306036011,1.75090550096738,0.513896281063188
-1.17576525690363,-0.148672414459469,-0.7920269141875,-0.694322469495941,0.669484000572704,-1.29239453496922,1.37971268891228,-0.72045836909079,2.8366882898561,0.325462860270796,3.46656017519908,-0.0587249550839638,0.451931708179069,0.837005813866431,-0.561231225864695
-0.602475622662686,-2.31126613322018,-2.62263021776854,3.11779825770458,-2.00156892423395,1.37373403349844,-1.29459039666822,0.552767406529609,-1.91561519719334,-2.61833826010022,0.218282006108117,-0.263732524539096,-1.9163813386847,1.01774699355587,-0.273049130869111
-1.00278802847824,0.31192685002293,-1.4790694128299,-0.731048794434657,0.91866042679429,-0.793974409425349,0.301892814533965,-1.00371463245666,-0.457693570468929,-1.90775363216862,1.69455208261754,2.24882745795363,-1.43949689016722,2.44808117262378,1.28402602406896
0.332045657952413,0.969017829775998,-0.678992049426578,0.937191721768295,-0.766590098118167,-1.28527548440089,1.05489944396621,-0.807268413971197,2.13124438823318,-2.6973937075387,-1.8384870191642,-1.99756313410669,-1.89100904623015,-0.595159576404913,1.41134430732889
-0.0335707231866566,-0.186530379643733,0.886893877009186,1.36113045493038,-1.3930851096082,-0.473056333241584,-1.62196068368331,-1.62786493195322,-4.49920852524984,-1.3185911673668,0.171281040677217,3.29971600742181,-2.80042863183089,2.12600973394098,0.905331524663945
